0.0000000000E+000 1.0000000000E-001
1.6666666667E-002 1.4237838060E-001
3.3333333333E-002 1.3550591907E-001
5.0000000000E-002 1.2962340658E-001
6.6666666667E-002 1.2452173032E-001
8.3333333333E-002 1.2005283876E-001
1.0000000000E-001 1.1610448576E-001
1.1666666667E-001 1.1258988298E-001
1.3333333333E-001 1.0944078117E-001
1.5000000000E-001 1.0660271339E-001
1.6666666667E-001 1.0403164475E-001
1.8333333333E-001 1.0169156696E-001
2.0000000000E-001 9.9552729187E-002
2.1666666667E-001 9.7590403617E-002
2.3333333333E-001 9.5783898849E-002
2.5000000000E-001 9.4115504377E-002
2.6666666667E-001 9.2570108781E-002
2.8333333333E-001 9.1134736220E-002
3.0000000000E-001 8.9798179358E-002
3.1666666667E-001 8.8550705983E-002
3.3333333333E-001 8.7383822524E-002
3.5000000000E-001 8.6290081926E-002
3.6666666667E-001 8.5262926429E-002
3.8333333333E-001 8.4296558018E-002
4.0000000000E-001 8.3385770191E-002
4.1666666667E-001 8.2525921006E-002
4.3333333333E-001 8.1712898515E-002
4.5000000000E-001 8.0943036400E-002
4.6666666667E-001 8.0213049432E-002
4.8333333333E-001 7.9519981900E-002
5.0000000000E-001 7.8861165391E-002
5.1666666667E-001 7.8234183694E-002
5.3333333333E-001 7.7636846238E-002
5.5000000000E-001 7.7067157803E-002
5.6666666667E-001 7.6523297707E-002
5.8333333333E-001 7.6003600534E-002
6.0000000000E-001 7.5506540154E-002
6.1666666667E-001 7.5030715570E-002
6.3333333333E-001 7.4574838394E-002
6.5000000000E-001 7.4137720740E-002
6.6666666667E-001 7.3718254678E-002
6.8333333333E-001 7.3315413771E-002
7.0000000000E-001 7.2928249644E-002
7.1666666667E-001 7.2555883709E-002
7.3333333333E-001 7.2197500826E-002
7.5000000000E-001 7.1852343650E-002
7.6666666667E-001 7.1519707594E-002
7.8333333333E-001 7.1198936318E-002
8.0000000000E-001 7.0889417678E-002
8.1666666667E-001 7.0590580074E-002
8.3333333333E-001 7.0301889162E-002
8.5000000000E-001 7.0022844880E-002
8.6666666667E-001 6.9752978758E-002
8.8333333333E-001 6.9491851471E-002
9.0000000000E-001 6.9239050620E-002
9.1666666667E-001 6.8994188717E-002
9.3333333333E-001 6.8756901343E-002
9.5000000000E-001 6.8526845464E-002
9.6666666667E-001 6.8303697904E-002
9.8333333333E-001 6.8087153930E-002
1.0000000000E+000 6.7876925975E-002
1.0166666667E+000 6.7672742449E-002
1.0333333333E+000 6.7474346655E-002
1.0500000000E+000 6.7281495794E-002
1.0666666667E+000 6.7093960042E-002
1.0833333333E+000 6.6911521705E-002
1.1000000000E+000 6.6733974436E-002
1.1166666667E+000 6.6561122511E-002
1.1333333333E+000 6.6392780164E-002
1.1500000000E+000 6.6228770966E-002
1.1666666667E+000 6.6068927253E-002
1.1833333333E+000 6.5913089593E-002
1.2000000000E+000 6.5761106295E-002
1.2166666667E+000 6.5612832946E-002
1.2333333333E+000 6.5468131993E-002
1.2500000000E+000 6.5326872335E-002
1.2666666667E+000 6.5188928962E-002
1.2833333333E+000 6.5054182607E-002
1.3000000000E+000 6.4922519423E-002
1.3166666667E+000 6.4793830686E-002
1.3333333333E+000 6.4668012512E-002
1.3500000000E+000 6.4544965595E-002
1.3666666667E+000 6.4424594960E-002
1.3833333333E+000 6.4306809738E-002
1.4000000000E+000 6.4191522942E-002
1.4166666667E+000 6.4078651273E-002
1.4333333333E+000 6.3968114927E-002
1.4500000000E+000 6.3859837414E-002
1.4666666667E+000 6.3753745396E-002
1.4833333333E+000 6.3649768525E-002
1.5000000000E+000 6.3547839297E-002
1.5166666667E+000 6.3447892913E-002
1.5333333333E+000 6.3349867147E-002
1.5500000000E+000 6.3253702220E-002
1.5666666667E+000 6.3159340688E-002
1.5833333333E+000 6.3066727328E-002
1.6000000000E+000 6.2975809036E-002
1.6166666667E+000 6.2886534726E-002
1.6333333333E+000 6.2798855242E-002
1.6500000000E+000 6.2712723266E-002
1.6666666667E+000 6.2628093235E-002
1.6833333333E+000 6.2544921267E-002
1.7000000000E+000 6.2463165080E-002
1.7166666667E+000 6.2382783928E-002
1.7333333333E+000 6.2303738528E-002
1.7500000000E+000 6.2225991000E-002
1.7666666667E+000 6.2149504809E-002
1.7833333333E+000 6.2074244703E-002
1.8000000000E+000 6.2000176660E-002
1.8166666667E+000 6.1927267840E-002
1.8333333333E+000 6.1855486533E-002
1.8500000000E+000 6.1784802111E-002
1.8666666667E+000 6.1715184989E-002
1.8833333333E+000 6.1646606577E-002
1.9000000000E+000 6.1579039243E-002
1.9166666667E+000 6.1512456275E-002
1.9333333333E+000 6.1446831842E-002
1.9500000000E+000 6.1382140963E-002
1.9666666667E+000 6.1318359471E-002
1.9833333333E+000 6.1255463983E-002
2.0000000000E+000 6.1193431869E-002
2.0166666667E+000 6.1132241222E-002
2.0333333333E+000 6.1071870835E-002
2.0500000000E+000 6.1012300169E-002
2.0666666667E+000 6.0953509333E-002
2.0833333333E+000 6.0895479056E-002
2.1000000000E+000 6.0838190666E-002
2.1166666667E+000 6.0781626070E-002
2.1333333333E+000 6.0725767728E-002
2.1500000000E+000 6.0670598638E-002
2.1666666667E+000 6.0616102313E-002
2.1833333333E+000 6.0562262765E-002
2.2000000000E+000 6.0509064488E-002
2.2166666667E+000 6.0456492438E-002
2.2333333333E+000 6.0404532017E-002
2.2500000000E+000 6.0353169062E-002
2.2666666667E+000 6.0302389825E-002
2.2833333333E+000 6.0252180962E-002
2.3000000000E+000 6.0202529517E-002
2.3166666667E+000 6.0153422909E-002
2.3333333333E+000 6.0104848922E-002
2.3500000000E+000 6.0056795689E-002
2.3666666667E+000 6.0009251683E-002
2.3833333333E+000 5.9962205706E-002
2.4000000000E+000 5.9915646876E-002
2.4166666667E+000 5.9869564618E-002
2.4333333333E+000 5.9823948653E-002
2.4500000000E+000 5.9778788991E-002
2.4666666667E+000 5.9734075918E-002
2.4833333333E+000 5.9689799990E-002
2.5000000000E+000 5.9645952025E-002
2.5166666667E+000 5.9602523090E-002
2.5333333333E+000 5.9559504497E-002
2.5500000000E+000 5.9516887798E-002
2.5666666667E+000 5.9474664769E-002
2.5833333333E+000 5.9432827412E-002
2.6000000000E+000 5.9391367942E-002
2.6166666667E+000 5.9350278784E-002
2.6333333333E+000 5.9309552564E-002
2.6500000000E+000 5.9269182105E-002
2.6666666667E+000 5.9229160419E-002
2.6833333333E+000 5.9189480703E-002
2.7000000000E+000 5.9150136333E-002
2.7166666667E+000 5.9111120859E-002
2.7333333333E+000 5.9072427996E-002
2.7500000000E+000 5.9034051628E-002
2.7666666667E+000 5.8995985791E-002
2.7833333333E+000 5.8958224680E-002
2.8000000000E+000 5.8920762636E-002
2.8166666667E+000 5.8883594147E-002
2.8333333333E+000 5.8846713841E-002
2.8500000000E+000 5.8810116482E-002
2.8666666667E+000 5.8773796967E-002
2.8833333333E+000 5.8737750323E-002
2.9000000000E+000 5.8701971701E-002
2.9166666667E+000 5.8666456373E-002
2.9333333333E+000 5.8631199732E-002
2.9500000000E+000 5.8596197284E-002
2.9666666667E+000 5.8561444645E-002
2.9833333333E+000 5.8526937542E-002
3.0000000000E+000 5.8492671808E-002
3.0166666667E+000 5.8458643375E-002
3.0333333333E+000 5.8424848278E-002
3.0500000000E+000 5.8391282647E-002
3.0666666667E+000 5.8357942708E-002
3.0833333333E+000 5.8324824776E-002
3.1000000000E+000 5.8291925259E-002
3.1166666667E+000 5.8259240647E-002
3.1333333333E+000 5.8226767517E-002
3.1500000000E+000 5.8194502529E-002
3.1666666667E+000 5.8162442421E-002
3.1833333333E+000 5.8130584009E-002
3.2000000000E+000 5.8098924184E-002
3.2166666667E+000 5.8067459913E-002
3.2333333333E+000 5.8036188231E-002
3.2500000000E+000 5.8005106245E-002
3.2666666667E+000 5.7974211130E-002
3.2833333333E+000 5.7943500126E-002
3.3000000000E+000 5.7912970537E-002
3.3166666667E+000 5.7882619731E-002
3.3333333333E+000 5.7852445135E-002
3.3500000000E+000 5.7822444236E-002
3.3666666667E+000 5.7792614581E-002
3.3833333333E+000 5.7762953769E-002
3.4000000000E+000 5.7733459457E-002
3.4166666667E+000 5.7704129355E-002
3.4333333333E+000 5.7674961223E-002
3.4500000000E+000 5.7645952874E-002
3.4666666667E+000 5.7617102169E-002
3.4833333333E+000 5.7588407017E-002
3.5000000000E+000 5.7559865374E-002
3.5166666667E+000 5.7531475243E-002
3.5333333333E+000 5.7503234668E-002
3.5500000000E+000 5.7475141740E-002
3.5666666667E+000 5.7447194591E-002
3.5833333333E+000 5.7419391392E-002
3.6000000000E+000 5.7391730357E-002
3.6166666667E+000 5.7364209737E-002
3.6333333333E+000 5.7336827822E-002
3.6500000000E+000 5.7309582940E-002
3.6666666667E+000 5.7282473453E-002
3.6833333333E+000 5.7255497760E-002
3.7000000000E+000 5.7228654293E-002
3.7166666667E+000 5.7201941520E-002
3.7333333333E+000 5.7175357938E-002
3.7500000000E+000 5.7148902079E-002
3.7666666667E+000 5.7122572504E-002
3.7833333333E+000 5.7096367805E-002
3.8000000000E+000 5.7070286605E-002
3.8166666667E+000 5.7044327553E-002
3.8333333333E+000 5.7018489329E-002
3.8500000000E+000 5.6992770637E-002
3.8666666667E+000 5.6967170211E-002
3.8833333333E+000 5.6941686809E-002
3.9000000000E+000 5.6916319215E-002
3.9166666667E+000 5.6891066238E-002
3.9333333333E+000 5.6865926712E-002
3.9500000000E+000 5.6840899491E-002
3.9666666667E+000 5.6815983457E-002
3.9833333333E+000 5.6791177512E-002
4.0000000000E+000 5.6766480578E-002
4.0166666667E+000 5.6741891602E-002
4.0333333333E+000 5.6717409549E-002
4.0500000000E+000 5.6693033405E-002
4.0666666667E+000 5.6668762178E-002
4.0833333333E+000 5.6644594892E-002
4.1000000000E+000 5.6620530593E-002
4.1166666667E+000 5.6596568342E-002
4.1333333333E+000 5.6572707221E-002
4.1500000000E+000 5.6548946329E-002
4.1666666667E+000 5.6525284780E-002
4.1833333333E+000 5.6501721708E-002
4.2000000000E+000 5.6478256259E-002
4.2166666667E+000 5.6454887600E-002
4.2333333333E+000 5.6431614910E-002
4.2500000000E+000 5.6408437384E-002
4.2666666667E+000 5.6385354233E-002
4.2833333333E+000 5.6362364680E-002
4.3000000000E+000 5.6339467964E-002
4.3166666667E+000 5.6316663337E-002
4.3333333333E+000 5.6293950065E-002
4.3500000000E+000 5.6271327427E-002
4.3666666667E+000 5.6248794715E-002
4.3833333333E+000 5.6226351232E-002
4.4000000000E+000 5.6203996295E-002
4.4166666667E+000 5.6181729233E-002
4.4333333333E+000 5.6159549384E-002
4.4500000000E+000 5.6137456100E-002
4.4666666667E+000 5.6115448744E-002
4.4833333333E+000 5.6093526689E-002
4.5000000000E+000 5.6071689318E-002
4.5166666667E+000 5.6049936026E-002
4.5333333333E+000 5.6028266216E-002
4.5500000000E+000 5.6006679302E-002
4.5666666667E+000 5.5985174709E-002
4.5833333333E+000 5.5963751869E-002
4.6000000000E+000 5.5942410224E-002
4.6166666667E+000 5.5921149225E-002
4.6333333333E+000 5.5899968332E-002
4.6500000000E+000 5.5878867014E-002
4.6666666667E+000 5.5857844748E-002
4.6833333333E+000 5.5836901017E-002
4.7000000000E+000 5.5816035315E-002
4.7166666667E+000 5.5795247143E-002
4.7333333333E+000 5.5774536009E-002
4.7500000000E+000 5.5753901429E-002
4.7666666667E+000 5.5733342924E-002
4.7833333333E+000 5.5712860027E-002
4.8000000000E+000 5.5692452272E-002
4.8166666667E+000 5.5672119205E-002
4.8333333333E+000 5.5651860375E-002
4.8500000000E+000 5.5631675339E-002
4.8666666667E+000 5.5611563660E-002
4.8833333333E+000 5.5591524907E-002
4.9000000000E+000 5.5571558656E-002
4.9166666667E+000 5.5551664487E-002
4.9333333333E+000 5.5531841988E-002
4.9500000000E+000 5.5512090752E-002
4.9666666667E+000 5.5492410375E-002
4.9833333333E+000 5.5472800462E-002
5.0000000000E+000 5.5453260621E-002
5.0166666667E+000 5.5433790466E-002
5.0333333333E+000 5.5414389616E-002
5.0500000000E+000 5.5395057694E-002
5.0666666667E+000 5.5375794329E-002
5.0833333333E+000 5.5356599154E-002
5.1000000000E+000 5.5337471807E-002
5.1166666667E+000 5.5318411930E-002
5.1333333333E+000 5.5299419170E-002
5.1500000000E+000 5.5280493178E-002
5.1666666667E+000 5.5261633609E-002
5.1833333333E+000 5.5242840122E-002
5.2000000000E+000 5.5224112380E-002
5.2166666667E+000 5.5205450051E-002
5.2333333333E+000 5.5186852805E-002
5.2500000000E+000 5.5168320317E-002
5.2666666667E+000 5.5149852267E-002
5.2833333333E+000 5.5131448335E-002
5.3000000000E+000 5.5113108207E-002
5.3166666667E+000 5.5094831573E-002
5.3333333333E+000 5.5076618125E-002
5.3500000000E+000 5.5058467557E-002
5.3666666667E+000 5.5040379570E-002
5.3833333333E+000 5.5022353866E-002
5.4000000000E+000 5.5004390148E-002
5.4166666667E+000 5.4986488126E-002
5.4333333333E+000 5.4968647510E-002
5.4500000000E+000 5.4950868015E-002
5.4666666667E+000 5.4933149358E-002
5.4833333333E+000 5.4915491257E-002
5.5000000000E+000 5.4897893436E-002
5.5166666667E+000 5.4880355619E-002
5.5333333333E+000 5.4862877534E-002
5.5500000000E+000 5.4845458911E-002
5.5666666667E+000 5.4828099483E-002
5.5833333333E+000 5.4810798985E-002
5.6000000000E+000 5.4793557154E-002
5.6166666667E+000 5.4776373730E-002
5.6333333333E+000 5.4759248456E-002
5.6500000000E+000 5.4742181075E-002
5.6666666667E+000 5.4725171335E-002
5.6833333333E+000 5.4708218985E-002
5.7000000000E+000 5.4691323774E-002
5.7166666667E+000 5.4674485457E-002
5.7333333333E+000 5.4657703788E-002
5.7500000000E+000 5.4640978525E-002
5.7666666667E+000 5.4624309427E-002
5.7833333333E+000 5.4607696254E-002
5.8000000000E+000 5.4591138769E-002
5.8166666667E+000 5.4574636738E-002
5.8333333333E+000 5.4558189926E-002
5.8500000000E+000 5.4541798102E-002
5.8666666667E+000 5.4525461037E-002
5.8833333333E+000 5.4509178502E-002
5.9000000000E+000 5.4492950270E-002
5.9166666667E+000 5.4476776117E-002
5.9333333333E+000 5.4460655819E-002
5.9500000000E+000 5.4444589156E-002
5.9666666667E+000 5.4428575906E-002
5.9833333333E+000 5.4412615852E-002
6.0000000000E+000 5.4396708776E-002
6.0166666667E+000 5.4380854464E-002
6.0333333333E+000 5.4365052700E-002
6.0500000000E+000 5.4349303273E-002
6.0666666667E+000 5.4333605971E-002
6.0833333333E+000 5.4317960584E-002
6.1000000000E+000 5.4302366905E-002
6.1166666667E+000 5.4286824725E-002
6.1333333333E+000 5.4271333840E-002
6.1500000000E+000 5.4255894045E-002
6.1666666667E+000 5.4240505136E-002
6.1833333333E+000 5.4225166912E-002
6.2000000000E+000 5.4209879172E-002
6.2166666667E+000 5.4194641717E-002
6.2333333333E+000 5.4179454348E-002
6.2500000000E+000 5.4164316869E-002
6.2666666667E+000 5.4149229083E-002
6.2833333333E+000 5.4134190795E-002
6.3000000000E+000 5.4119201812E-002
6.3166666667E+000 5.4104261942E-002
6.3333333333E+000 5.4089370993E-002
6.3500000000E+000 5.4074528774E-002
6.3666666667E+000 5.4059735096E-002
6.3833333333E+000 5.4044989771E-002
6.4000000000E+000 5.4030292612E-002
6.4166666667E+000 5.4015643433E-002
6.4333333333E+000 5.4001042047E-002
6.4500000000E+000 5.3986488272E-002
6.4666666667E+000 5.3971981923E-002
6.4833333333E+000 5.3957522819E-002
6.5000000000E+000 5.3943110778E-002
6.5166666667E+000 5.3928745619E-002
6.5333333333E+000 5.3914427164E-002
6.5500000000E+000 5.3900155233E-002
6.5666666667E+000 5.3885929648E-002
6.5833333333E+000 5.3871750234E-002
6.6000000000E+000 5.3857616814E-002
6.6166666667E+000 5.3843529213E-002
6.6333333333E+000 5.3829487256E-002
6.6500000000E+000 5.3815490771E-002
6.6666666667E+000 5.3801539585E-002
6.6833333333E+000 5.3787633526E-002
6.7000000000E+000 5.3773772423E-002
6.7166666667E+000 5.3759956107E-002
6.7333333333E+000 5.3746184407E-002
6.7500000000E+000 5.3732457156E-002
6.7666666667E+000 5.3718774185E-002
6.7833333333E+000 5.3705135328E-002
6.8000000000E+000 5.3691540419E-002
6.8166666667E+000 5.3677989292E-002
6.8333333333E+000 5.3664481782E-002
6.8500000000E+000 5.3651017726E-002
6.8666666667E+000 5.3637596959E-002
6.8833333333E+000 5.3624219321E-002
6.9000000000E+000 5.3610884649E-002
6.9166666667E+000 5.3597592781E-002
6.9333333333E+000 5.3584343558E-002
6.9500000000E+000 5.3571136820E-002
6.9666666667E+000 5.3557972408E-002
6.9833333333E+000 5.3544850164E-002
7.0000000000E+000 5.3531769929E-002
7.0166666667E+000 5.3518731548E-002
7.0333333333E+000 5.3505734864E-002
7.0500000000E+000 5.3492779720E-002
7.0666666667E+000 5.3479865964E-002
7.0833333333E+000 5.3466993439E-002
7.1000000000E+000 5.3454161992E-002
7.1166666667E+000 5.3441371471E-002
7.1333333333E+000 5.3428621723E-002
7.1500000000E+000 5.3415912596E-002
7.1666666667E+000 5.3403243939E-002
7.1833333333E+000 5.3390615601E-002
7.2000000000E+000 5.3378027434E-002
7.2166666667E+000 5.3365479286E-002
7.2333333333E+000 5.3352971011E-002
7.2500000000E+000 5.3340502459E-002
7.2666666667E+000 5.3328073483E-002
7.2833333333E+000 5.3315683936E-002
7.3000000000E+000 5.3303333673E-002
7.3166666667E+000 5.3291022546E-002
7.3333333333E+000 5.3278750412E-002
7.3500000000E+000 5.3266517125E-002
7.3666666667E+000 5.3254322542E-002
7.3833333333E+000 5.3242166520E-002
7.4000000000E+000 5.3230048914E-002
7.4166666667E+000 5.3217969584E-002
7.4333333333E+000 5.3205928387E-002
7.4500000000E+000 5.3193925183E-002
7.4666666667E+000 5.3181959830E-002
7.4833333333E+000 5.3170032188E-002
7.5000000000E+000 5.3158142119E-002
7.5166666667E+000 5.3146289483E-002
7.5333333333E+000 5.3134474141E-002
7.5500000000E+000 5.3122695956E-002
7.5666666667E+000 5.3110954791E-002
7.5833333333E+000 5.3099250508E-002
7.6000000000E+000 5.3087582972E-002
7.6166666667E+000 5.3075952046E-002
7.6333333333E+000 5.3064357595E-002
7.6500000000E+000 5.3052799486E-002
7.6666666667E+000 5.3041277582E-002
7.6833333333E+000 5.3029791751E-002
7.7000000000E+000 5.3018341860E-002
7.7166666667E+000 5.3006927776E-002
7.7333333333E+000 5.2995549366E-002
7.7500000000E+000 5.2984206500E-002
7.7666666667E+000 5.2972899046E-002
7.7833333333E+000 5.2961626873E-002
7.8000000000E+000 5.2950389851E-002
7.8166666667E+000 5.2939187850E-002
7.8333333333E+000 5.2928020742E-002
7.8500000000E+000 5.2916888398E-002
7.8666666667E+000 5.2905790689E-002
7.8833333333E+000 5.2894727489E-002
7.9000000000E+000 5.2883698669E-002
7.9166666667E+000 5.2872704103E-002
7.9333333333E+000 5.2861743664E-002
7.9500000000E+000 5.2850817228E-002
7.9666666667E+000 5.2839924669E-002
7.9833333333E+000 5.2829065861E-002
8.0000000000E+000 5.2818240681E-002
8.0166666667E+000 5.2807449005E-002
8.0333333333E+000 5.2796690710E-002
8.0500000000E+000 5.2785965672E-002
8.0666666667E+000 5.2775273769E-002
8.0833333333E+000 5.2764614879E-002
8.1000000000E+000 5.2753988881E-002
8.1166666667E+000 5.2743395654E-002
8.1333333333E+000 5.2732835076E-002
8.1500000000E+000 5.2722307029E-002
8.1666666667E+000 5.2711811391E-002
8.1833333333E+000 5.2701348045E-002
8.2000000000E+000 5.2690916871E-002
8.2166666667E+000 5.2680517751E-002
8.2333333333E+000 5.2670150567E-002
8.2500000000E+000 5.2659815202E-002
8.2666666667E+000 5.2649511538E-002
8.2833333333E+000 5.2639239460E-002
8.3000000000E+000 5.2628998850E-002
8.3166666667E+000 5.2618789594E-002
8.3333333333E+000 5.2608611577E-002
8.3500000000E+000 5.2598464683E-002
8.3666666667E+000 5.2588348798E-002
8.3833333333E+000 5.2578263809E-002
8.4000000000E+000 5.2568209601E-002
8.4166666667E+000 5.2558186063E-002
8.4333333333E+000 5.2548193080E-002
8.4500000000E+000 5.2538230542E-002
8.4666666667E+000 5.2528298336E-002
8.4833333333E+000 5.2518396352E-002
8.5000000000E+000 5.2508524478E-002
8.5166666667E+000 5.2498682603E-002
8.5333333333E+000 5.2488870619E-002
8.5500000000E+000 5.2479088414E-002
8.5666666667E+000 5.2469335881E-002
8.5833333333E+000 5.2459612910E-002
8.6000000000E+000 5.2449919393E-002
8.6166666667E+000 5.2440255222E-002
8.6333333333E+000 5.2430620290E-002
8.6500000000E+000 5.2421014489E-002
8.6666666667E+000 5.2411437712E-002
8.6833333333E+000 5.2401889855E-002
8.7000000000E+000 5.2392370809E-002
8.7166666667E+000 5.2382880471E-002
8.7333333333E+000 5.2373418735E-002
8.7500000000E+000 5.2363985497E-002
8.7666666667E+000 5.2354580651E-002
8.7833333333E+000 5.2345204095E-002
8.8000000000E+000 5.2335855725E-002
8.8166666667E+000 5.2326535438E-002
8.8333333333E+000 5.2317243131E-002
8.8500000000E+000 5.2307978703E-002
8.8666666667E+000 5.2298742050E-002
8.8833333333E+000 5.2289533072E-002
8.9000000000E+000 5.2280351668E-002
8.9166666667E+000 5.2271197736E-002
8.9333333333E+000 5.2262071178E-002
8.9500000000E+000 5.2252971892E-002
8.9666666667E+000 5.2243899780E-002
8.9833333333E+000 5.2234854742E-002
9.0000000000E+000 5.2225836679E-002
9.0166666667E+000 5.2216845494E-002
9.0333333333E+000 5.2207881088E-002
9.0500000000E+000 5.2198943363E-002
9.0666666667E+000 5.2190032224E-002
9.0833333333E+000 5.2181147571E-002
9.1000000000E+000 5.2172289310E-002
9.1166666667E+000 5.2163457344E-002
9.1333333333E+000 5.2154651578E-002
9.1500000000E+000 5.2145871916E-002
9.1666666667E+000 5.2137118263E-002
9.1833333333E+000 5.2128390525E-002
9.2000000000E+000 5.2119688608E-002
9.2166666667E+000 5.2111012417E-002
9.2333333333E+000 5.2102361859E-002
9.2500000000E+000 5.2093736842E-002
9.2666666667E+000 5.2085137272E-002
9.2833333333E+000 5.2076563057E-002
9.3000000000E+000 5.2068014105E-002
9.3166666667E+000 5.2059490325E-002
9.3333333333E+000 5.2050991625E-002
9.3500000000E+000 5.2042517914E-002
9.3666666667E+000 5.2034069102E-002
9.3833333333E+000 5.2025645099E-002
9.4000000000E+000 5.2017245815E-002
9.4166666667E+000 5.2008871160E-002
9.4333333333E+000 5.2000521045E-002
9.4500000000E+000 5.1992195381E-002
9.4666666667E+000 5.1983894080E-002
9.4833333333E+000 5.1975617055E-002
9.5000000000E+000 5.1967364216E-002
9.5166666667E+000 5.1959135477E-002
9.5333333333E+000 5.1950930752E-002
9.5500000000E+000 5.1942749952E-002
9.5666666667E+000 5.1934592992E-002
9.5833333333E+000 5.1926459786E-002
9.6000000000E+000 5.1918350248E-002
9.6166666667E+000 5.1910264293E-002
9.6333333333E+000 5.1902201835E-002
9.6500000000E+000 5.1894162791E-002
9.6666666667E+000 5.1886147076E-002
9.6833333333E+000 5.1878154606E-002
9.7000000000E+000 5.1870185297E-002
9.7166666667E+000 5.1862239066E-002
9.7333333333E+000 5.1854315831E-002
9.7500000000E+000 5.1846415507E-002
9.7666666667E+000 5.1838538014E-002
9.7833333333E+000 5.1830683270E-002
9.8000000000E+000 5.1822851191E-002
9.8166666667E+000 5.1815041699E-002
9.8333333333E+000 5.1807254710E-002
9.8500000000E+000 5.1799490145E-002
9.8666666667E+000 5.1791747923E-002
9.8833333333E+000 5.1784027965E-002
9.9000000000E+000 5.1776330190E-002
9.9166666667E+000 5.1768654519E-002
9.9333333333E+000 5.1761000873E-002
9.9500000000E+000 5.1753369174E-002
9.9666666667E+000 5.1745759342E-002
9.9833333333E+000 5.1738171301E-002
1.0000000000E+001 5.1730604971E-002
1.0016666667E+001 5.1723060276E-002
1.0033333333E+001 5.1715537139E-002
1.0050000000E+001 5.1708035481E-002
1.0066666667E+001 5.1700555228E-002
1.0083333333E+001 5.1693096303E-002
1.0100000000E+001 5.1685658629E-002
1.0116666667E+001 5.1678242131E-002
1.0133333333E+001 5.1670846734E-002
1.0150000000E+001 5.1663472363E-002
1.0166666667E+001 5.1656118943E-002
1.0183333333E+001 5.1648786399E-002
1.0200000000E+001 5.1641474658E-002
1.0216666667E+001 5.1634183646E-002
1.0233333333E+001 5.1626913289E-002
1.0250000000E+001 5.1619663513E-002
1.0266666667E+001 5.1612434247E-002
1.0283333333E+001 5.1605225417E-002
1.0300000000E+001 5.1598036950E-002
1.0316666667E+001 5.1590868776E-002
1.0333333333E+001 5.1583720822E-002
1.0350000000E+001 5.1576593016E-002
1.0366666667E+001 5.1569485288E-002
1.0383333333E+001 5.1562397567E-002
1.0400000000E+001 5.1555329781E-002
1.0416666667E+001 5.1548281862E-002
1.0433333333E+001 5.1541253737E-002
1.0450000000E+001 5.1534245339E-002
1.0466666667E+001 5.1527256597E-002
1.0483333333E+001 5.1520287442E-002
1.0500000000E+001 5.1513337805E-002
1.0516666667E+001 5.1506407618E-002
1.0533333333E+001 5.1499496812E-002
1.0550000000E+001 5.1492605319E-002
1.0566666667E+001 5.1485733072E-002
1.0583333333E+001 5.1478880002E-002
1.0600000000E+001 5.1472046043E-002
1.0616666667E+001 5.1465231128E-002
1.0633333333E+001 5.1458435189E-002
1.0650000000E+001 5.1451658161E-002
1.0666666667E+001 5.1444899977E-002
1.0683333333E+001 5.1438160571E-002
1.0700000000E+001 5.1431439878E-002
1.0716666667E+001 5.1424737832E-002
1.0733333333E+001 5.1418054369E-002
1.0750000000E+001 5.1411389422E-002
1.0766666667E+001 5.1404742929E-002
1.0783333333E+001 5.1398114824E-002
1.0800000000E+001 5.1391505043E-002
1.0816666667E+001 5.1384913523E-002
1.0833333333E+001 5.1378340199E-002
1.0850000000E+001 5.1371785010E-002
1.0866666667E+001 5.1365247891E-002
1.0883333333E+001 5.1358728780E-002
1.0900000000E+001 5.1352227615E-002
1.0916666667E+001 5.1345744332E-002
1.0933333333E+001 5.1339278871E-002
1.0950000000E+001 5.1332831169E-002
1.0966666667E+001 5.1326401165E-002
1.0983333333E+001 5.1319988797E-002
1.1000000000E+001 5.1313594005E-002
1.1016666667E+001 5.1307216728E-002
1.1033333333E+001 5.1300856905E-002
1.1050000000E+001 5.1294514476E-002
1.1066666667E+001 5.1288189381E-002
1.1083333333E+001 5.1281881560E-002
1.1100000000E+001 5.1275590953E-002
1.1116666667E+001 5.1269317502E-002
1.1133333333E+001 5.1263061147E-002
1.1150000000E+001 5.1256821830E-002
1.1166666667E+001 5.1250599491E-002
1.1183333333E+001 5.1244394073E-002
1.1200000000E+001 5.1238205517E-002
1.1216666667E+001 5.1232033765E-002
1.1233333333E+001 5.1225878761E-002
1.1250000000E+001 5.1219740445E-002
1.1266666667E+001 5.1213618762E-002
1.1283333333E+001 5.1207513655E-002
1.1300000000E+001 5.1201425065E-002
1.1316666667E+001 5.1195352938E-002
1.1333333333E+001 5.1189297217E-002
1.1350000000E+001 5.1183257845E-002
1.1366666667E+001 5.1177234767E-002
1.1383333333E+001 5.1171227928E-002
1.1400000000E+001 5.1165237272E-002
1.1416666667E+001 5.1159262743E-002
1.1433333333E+001 5.1153304288E-002
1.1450000000E+001 5.1147361851E-002
1.1466666667E+001 5.1141435377E-002
1.1483333333E+001 5.1135524813E-002
1.1500000000E+001 5.1129630105E-002
1.1516666667E+001 5.1123751198E-002
1.1533333333E+001 5.1117888040E-002
1.1550000000E+001 5.1112040576E-002
1.1566666667E+001 5.1106208754E-002
1.1583333333E+001 5.1100392521E-002
1.1600000000E+001 5.1094591823E-002
1.1616666667E+001 5.1088806609E-002
1.1633333333E+001 5.1083036826E-002
1.1650000000E+001 5.1077282422E-002
1.1666666667E+001 5.1071543345E-002
1.1683333333E+001 5.1065819543E-002
1.1700000000E+001 5.1060110965E-002
1.1716666667E+001 5.1054417560E-002
1.1733333333E+001 5.1048739277E-002
1.1750000000E+001 5.1043076064E-002
1.1766666667E+001 5.1037427872E-002
1.1783333333E+001 5.1031794649E-002
1.1800000000E+001 5.1026176345E-002
1.1816666667E+001 5.1020572911E-002
1.1833333333E+001 5.1014984297E-002
1.1850000000E+001 5.1009410452E-002
1.1866666667E+001 5.1003851328E-002
1.1883333333E+001 5.0998306875E-002
1.1900000000E+001 5.0992777044E-002
1.1916666667E+001 5.0987261787E-002
1.1933333333E+001 5.0981761054E-002
1.1950000000E+001 5.0976274798E-002
1.1966666667E+001 5.0970802970E-002
1.1983333333E+001 5.0965345521E-002
1.2000000000E+001 5.0959902405E-002
1.2016666667E+001 5.0954473573E-002
1.2033333333E+001 5.0949058977E-002
1.2050000000E+001 5.0943658572E-002
1.2066666667E+001 5.0938272308E-002
1.2083333333E+001 5.0932900141E-002
1.2100000000E+001 5.0927542022E-002
1.2116666667E+001 5.0922197905E-002
1.2133333333E+001 5.0916867744E-002
1.2150000000E+001 5.0911551493E-002
1.2166666667E+001 5.0906249106E-002
1.2183333333E+001 5.0900960537E-002
1.2200000000E+001 5.0895685739E-002
1.2216666667E+001 5.0890424669E-002
1.2233333333E+001 5.0885177280E-002
1.2250000000E+001 5.0879943528E-002
1.2266666667E+001 5.0874723367E-002
1.2283333333E+001 5.0869516754E-002
1.2300000000E+001 5.0864323642E-002
1.2316666667E+001 5.0859143989E-002
1.2333333333E+001 5.0853977749E-002
1.2350000000E+001 5.0848824879E-002
1.2366666667E+001 5.0843685334E-002
1.2383333333E+001 5.0838559072E-002
1.2400000000E+001 5.0833446049E-002
1.2416666667E+001 5.0828346221E-002
1.2433333333E+001 5.0823259546E-002
1.2450000000E+001 5.0818185980E-002
1.2466666667E+001 5.0813125480E-002
1.2483333333E+001 5.0808078004E-002
1.2500000000E+001 5.0803043509E-002
1.2516666667E+001 5.0798021954E-002
1.2533333333E+001 5.0793013295E-002
1.2550000000E+001 5.0788017491E-002
1.2566666667E+001 5.0783034501E-002
1.2583333333E+001 5.0778064282E-002
1.2600000000E+001 5.0773106793E-002
1.2616666667E+001 5.0768161993E-002
1.2633333333E+001 5.0763229840E-002
1.2650000000E+001 5.0758310295E-002
1.2666666667E+001 5.0753403314E-002
1.2683333333E+001 5.0748508860E-002
1.2700000000E+001 5.0743626889E-002
1.2716666667E+001 5.0738757363E-002
1.2733333333E+001 5.0733900242E-002
1.2750000000E+001 5.0729055484E-002
1.2766666667E+001 5.0724223050E-002
1.2783333333E+001 5.0719402902E-002
1.2800000000E+001 5.0714594998E-002
1.2816666667E+001 5.0709799299E-002
1.2833333333E+001 5.0705015768E-002
1.2850000000E+001 5.0700244363E-002
1.2866666667E+001 5.0695485047E-002
1.2883333333E+001 5.0690737780E-002
1.2900000000E+001 5.0686002524E-002
1.2916666667E+001 5.0681279241E-002
1.2933333333E+001 5.0676567891E-002
1.2950000000E+001 5.0671868438E-002
1.2966666667E+001 5.0667180843E-002
1.2983333333E+001 5.0662505068E-002
1.3000000000E+001 5.0657841075E-002
1.3016666667E+001 5.0653188826E-002
1.3033333333E+001 5.0648548285E-002
1.3050000000E+001 5.0643919415E-002
1.3066666667E+001 5.0639302176E-002
1.3083333333E+001 5.0634696534E-002
1.3100000000E+001 5.0630102451E-002
1.3116666667E+001 5.0625519890E-002
1.3133333333E+001 5.0620948815E-002
1.3150000000E+001 5.0616389189E-002
1.3166666667E+001 5.0611840976E-002
1.3183333333E+001 5.0607304141E-002
1.3200000000E+001 5.0602778645E-002
1.3216666667E+001 5.0598264455E-002
1.3233333333E+001 5.0593761535E-002
1.3250000000E+001 5.0589269848E-002
1.3266666667E+001 5.0584789359E-002
1.3283333333E+001 5.0580320033E-002
1.3300000000E+001 5.0575861835E-002
1.3316666667E+001 5.0571414730E-002
1.3333333333E+001 5.0566978682E-002
1.3350000000E+001 5.0562553658E-002
1.3366666667E+001 5.0558139622E-002
1.3383333333E+001 5.0553736540E-002
1.3400000000E+001 5.0549344377E-002
1.3416666667E+001 5.0544963100E-002
1.3433333333E+001 5.0540592674E-002
1.3450000000E+001 5.0536233065E-002
1.3466666667E+001 5.0531884240E-002
1.3483333333E+001 5.0527546164E-002
1.3500000000E+001 5.0523218805E-002
1.3516666667E+001 5.0518902128E-002
1.3533333333E+001 5.0514596101E-002
1.3550000000E+001 5.0510300690E-002
1.3566666667E+001 5.0506015862E-002
1.3583333333E+001 5.0501741584E-002
1.3600000000E+001 5.0497477824E-002
1.3616666667E+001 5.0493224548E-002
1.3633333333E+001 5.0488981724E-002
1.3650000000E+001 5.0484749320E-002
1.3666666667E+001 5.0480527303E-002
1.3683333333E+001 5.0476315642E-002
1.3700000000E+001 5.0472114304E-002
1.3716666667E+001 5.0467923256E-002
1.3733333333E+001 5.0463742469E-002
1.3750000000E+001 5.0459571908E-002
1.3766666667E+001 5.0455411544E-002
1.3783333333E+001 5.0451261345E-002
1.3800000000E+001 5.0447121279E-002
1.3816666667E+001 5.0442991314E-002
1.3833333333E+001 5.0438871421E-002
1.3850000000E+001 5.0434761568E-002
1.3866666667E+001 5.0430661724E-002
1.3883333333E+001 5.0426571858E-002
1.3900000000E+001 5.0422491940E-002
1.3916666667E+001 5.0418421939E-002
1.3933333333E+001 5.0414361825E-002
1.3950000000E+001 5.0410311567E-002
1.3966666667E+001 5.0406271136E-002
1.3983333333E+001 5.0402240501E-002
1.4000000000E+001 5.0398219633E-002
1.4016666667E+001 5.0394208501E-002
1.4033333333E+001 5.0390207076E-002
1.4050000000E+001 5.0386215328E-002
1.4066666667E+001 5.0382233227E-002
1.4083333333E+001 5.0378260746E-002
1.4100000000E+001 5.0374297853E-002
1.4116666667E+001 5.0370344520E-002
1.4133333333E+001 5.0366400718E-002
1.4150000000E+001 5.0362466418E-002
1.4166666667E+001 5.0358541591E-002
1.4183333333E+001 5.0354626208E-002
1.4200000000E+001 5.0350720241E-002
1.4216666667E+001 5.0346823662E-002
1.4233333333E+001 5.0342936441E-002
1.4250000000E+001 5.0339058551E-002
1.4266666667E+001 5.0335189963E-002
1.4283333333E+001 5.0331330649E-002
1.4300000000E+001 5.0327480582E-002
1.4316666667E+001 5.0323639733E-002
1.4333333333E+001 5.0319808075E-002
1.4350000000E+001 5.0315985579E-002
1.4366666667E+001 5.0312172219E-002
1.4383333333E+001 5.0308367968E-002
1.4400000000E+001 5.0304572796E-002
1.4416666667E+001 5.0300786678E-002
1.4433333333E+001 5.0297009587E-002
1.4450000000E+001 5.0293241494E-002
1.4466666667E+001 5.0289482374E-002
1.4483333333E+001 5.0285732199E-002
1.4500000000E+001 5.0281990942E-002
1.4516666667E+001 5.0278258578E-002
1.4533333333E+001 5.0274535079E-002
1.4550000000E+001 5.0270820418E-002
1.4566666667E+001 5.0267114571E-002
1.4583333333E+001 5.0263417509E-002
1.4600000000E+001 5.0259729208E-002
1.4616666667E+001 5.0256049641E-002
1.4633333333E+001 5.0252378782E-002
1.4650000000E+001 5.0248716605E-002
1.4666666667E+001 5.0245063085E-002
1.4683333333E+001 5.0241418195E-002
1.4700000000E+001 5.0237781911E-002
1.4716666667E+001 5.0234154206E-002
1.4733333333E+001 5.0230535055E-002
1.4750000000E+001 5.0226924434E-002
1.4766666667E+001 5.0223322316E-002
1.4783333333E+001 5.0219728677E-002
1.4800000000E+001 5.0216143491E-002
1.4816666667E+001 5.0212566734E-002
1.4833333333E+001 5.0208998381E-002
1.4850000000E+001 5.0205438407E-002
1.4866666667E+001 5.0201886787E-002
1.4883333333E+001 5.0198343497E-002
1.4900000000E+001 5.0194808513E-002
1.4916666667E+001 5.0191281809E-002
1.4933333333E+001 5.0187763362E-002
1.4950000000E+001 5.0184253148E-002
1.4966666667E+001 5.0180751141E-002
1.4983333333E+001 5.0177257319E-002
1.5000000000E+001 5.0173771657E-002
1.5016666667E+001 5.0170294132E-002
1.5033333333E+001 5.0166824719E-002
1.5050000000E+001 5.0163363395E-002
1.5066666667E+001 5.0159910137E-002
1.5083333333E+001 5.0156464920E-002
1.5100000000E+001 5.0153027722E-002
1.5116666667E+001 5.0149598518E-002
1.5133333333E+001 5.0146177287E-002
1.5150000000E+001 5.0142764004E-002
1.5166666667E+001 5.0139358646E-002
1.5183333333E+001 5.0135961191E-002
1.5200000000E+001 5.0132571616E-002
1.5216666667E+001 5.0129189897E-002
1.5233333333E+001 5.0125816011E-002
1.5250000000E+001 5.0122449938E-002
1.5266666667E+001 5.0119091652E-002
1.5283333333E+001 5.0115741133E-002
1.5300000000E+001 5.0112398358E-002
1.5316666667E+001 5.0109063303E-002
1.5333333333E+001 5.0105735948E-002
1.5350000000E+001 5.0102416270E-002
1.5366666667E+001 5.0099104246E-002
1.5383333333E+001 5.0095799855E-002
1.5400000000E+001 5.0092503074E-002
1.5416666667E+001 5.0089213883E-002
1.5433333333E+001 5.0085932258E-002
1.5450000000E+001 5.0082658179E-002
1.5466666667E+001 5.0079391623E-002
1.5483333333E+001 5.0076132569E-002
1.5500000000E+001 5.0072880996E-002
1.5516666667E+001 5.0069636882E-002
1.5533333333E+001 5.0066400205E-002
1.5550000000E+001 5.0063170946E-002
1.5566666667E+001 5.0059949081E-002
1.5583333333E+001 5.0056734591E-002
1.5600000000E+001 5.0053527454E-002
1.5616666667E+001 5.0050327649E-002
1.5633333333E+001 5.0047135155E-002
1.5650000000E+001 5.0043949952E-002
1.5666666667E+001 5.0040772019E-002
1.5683333333E+001 5.0037601334E-002
1.5700000000E+001 5.0034437879E-002
1.5716666667E+001 5.0031281631E-002
1.5733333333E+001 5.0028132570E-002
1.5750000000E+001 5.0024990677E-002
1.5766666667E+001 5.0021855931E-002
1.5783333333E+001 5.0019177718E-002
1.5800000000E+001 5.0016895796E-002
1.5816666667E+001 5.0014614017E-002
1.5833333333E+001 5.0012332504E-002
1.5850000000E+001 5.0010051375E-002
1.5866666667E+001 5.0007770747E-002
1.5883333333E+001 5.0005490731E-002
1.5900000000E+001 5.0003211437E-002
1.5916666667E+001 5.0000932970E-002
1.5933333333E+001 5.0000004241E-002
1.5950000000E+001 5.0000004241E-002
1.5966666667E+001 5.0000004241E-002
1.5983333333E+001 5.0000004241E-002
1.6000000000E+001 5.0000004241E-002
1.6016666667E+001 5.0000004241E-002
1.6033333333E+001 5.0000004241E-002
1.6050000000E+001 5.0000004241E-002
1.6066666667E+001 5.0000004241E-002
1.6083333333E+001 5.0000004241E-002
1.6100000000E+001 5.0000004241E-002
1.6116666667E+001 5.0000004241E-002
1.6133333333E+001 5.0000004241E-002
1.6150000000E+001 5.0000004241E-002
1.6166666667E+001 5.0000004241E-002
1.6183333333E+001 5.0000004241E-002
1.6200000000E+001 5.0000004241E-002
1.6216666667E+001 5.0000004241E-002
1.6233333333E+001 5.0000004241E-002
1.6250000000E+001 5.0000004241E-002
1.6266666667E+001 5.0000004241E-002
1.6283333333E+001 5.0000004241E-002
1.6300000000E+001 5.0000004241E-002
1.6316666667E+001 5.0000004241E-002
1.6333333333E+001 5.0000004241E-002
1.6350000000E+001 5.0000004241E-002
1.6366666667E+001 5.0000004241E-002
1.6383333333E+001 5.0000004241E-002
1.6400000000E+001 5.0000004241E-002
1.6416666667E+001 5.0000004241E-002
1.6433333333E+001 5.0000004241E-002
1.6450000000E+001 5.0000004241E-002
1.6466666667E+001 5.0000004241E-002
1.6483333333E+001 5.0000004241E-002
1.6500000000E+001 5.0000004241E-002
1.6516666667E+001 5.0000004241E-002
1.6533333333E+001 5.0000004241E-002
1.6550000000E+001 5.0000004241E-002
1.6566666667E+001 5.0000004241E-002
1.6583333333E+001 5.0000004241E-002
1.6600000000E+001 5.0000004241E-002
1.6616666667E+001 5.0000004241E-002
1.6633333333E+001 5.0000004241E-002
1.6650000000E+001 5.0000004241E-002
1.6666666667E+001 5.0000004241E-002
1.6683333333E+001 5.0000004241E-002
1.6700000000E+001 5.0000004241E-002
1.6716666667E+001 5.0000004241E-002
1.6733333333E+001 5.0000004241E-002
1.6750000000E+001 5.0000004241E-002
1.6766666667E+001 5.0000004241E-002
1.6783333333E+001 5.0000004241E-002
1.6800000000E+001 5.0000004241E-002
1.6816666667E+001 5.0000004241E-002
1.6833333333E+001 5.0000004241E-002
1.6850000000E+001 5.0000004241E-002
1.6866666667E+001 5.0000004241E-002
1.6883333333E+001 5.0000004241E-002
1.6900000000E+001 5.0000004241E-002
1.6916666667E+001 5.0000004241E-002
1.6933333333E+001 5.0000004241E-002
1.6950000000E+001 5.0000004241E-002
1.6966666667E+001 5.0000004241E-002
1.6983333333E+001 5.0000004241E-002
1.7000000000E+001 5.0000004241E-002
1.7016666667E+001 5.0000004241E-002
1.7033333333E+001 5.0000004241E-002
1.7050000000E+001 5.0000004241E-002
1.7066666667E+001 5.0000004241E-002
1.7083333333E+001 5.0000004241E-002
1.7100000000E+001 5.0000004241E-002
1.7116666667E+001 5.0000004241E-002
1.7133333333E+001 5.0000004241E-002
1.7150000000E+001 5.0000004241E-002
1.7166666667E+001 5.0000004241E-002
1.7183333333E+001 5.0000004241E-002
1.7200000000E+001 5.0000004241E-002
1.7216666667E+001 5.0000004241E-002
1.7233333333E+001 5.0000004241E-002
1.7250000000E+001 5.0000004241E-002
1.7266666667E+001 5.0000004241E-002
1.7283333333E+001 5.0000004241E-002
1.7300000000E+001 5.0000004241E-002
1.7316666667E+001 5.0000004241E-002
1.7333333333E+001 5.0000004241E-002
1.7350000000E+001 5.0000004241E-002
1.7366666667E+001 5.0000004241E-002
1.7383333333E+001 5.0000004241E-002
1.7400000000E+001 5.0000004241E-002
1.7416666667E+001 5.0000004241E-002
1.7433333333E+001 5.0000004241E-002
1.7450000000E+001 5.0000004241E-002
1.7466666667E+001 5.0000004241E-002
1.7483333333E+001 5.0000004241E-002
1.7500000000E+001 5.0000004241E-002
1.7516666667E+001 5.0000004241E-002
1.7533333333E+001 5.0000004241E-002
1.7550000000E+001 5.0000004241E-002
1.7566666667E+001 5.0000004241E-002
1.7583333333E+001 5.0000004241E-002
1.7600000000E+001 5.0000004241E-002
1.7616666667E+001 5.0000004241E-002
1.7633333333E+001 5.0000004241E-002
1.7650000000E+001 5.0000004241E-002
1.7666666667E+001 5.0000004241E-002
1.7683333333E+001 5.0000004241E-002
1.7700000000E+001 5.0000004241E-002
1.7716666667E+001 5.0000004241E-002
1.7733333333E+001 5.0000004241E-002
1.7750000000E+001 5.0000004241E-002
1.7766666667E+001 5.0000004241E-002
1.7783333333E+001 5.0000004241E-002
1.7800000000E+001 5.0000004241E-002
1.7816666667E+001 5.0000004241E-002
1.7833333333E+001 5.0000004241E-002
1.7850000000E+001 5.0000004241E-002
1.7866666667E+001 5.0000004241E-002
1.7883333333E+001 5.0000004241E-002
1.7900000000E+001 5.0000004241E-002
1.7916666667E+001 5.0000004241E-002
1.7933333333E+001 5.0000004241E-002
1.7950000000E+001 5.0000004241E-002
1.7966666667E+001 5.0000004241E-002
1.7983333333E+001 5.0000004241E-002
1.8000000000E+001 5.0000004241E-002
1.8016666667E+001 5.0000004241E-002
1.8033333333E+001 5.0000004241E-002
1.8050000000E+001 5.0000004241E-002
1.8066666667E+001 5.0000004241E-002
1.8083333333E+001 5.0000004241E-002
1.8100000000E+001 5.0000004241E-002
1.8116666667E+001 5.0000004241E-002
1.8133333333E+001 5.0000004241E-002
1.8150000000E+001 5.0000004241E-002
1.8166666667E+001 5.0000004241E-002
1.8183333333E+001 5.0000004241E-002
1.8200000000E+001 5.0000004241E-002
1.8216666667E+001 5.0000004241E-002
1.8233333333E+001 5.0000004241E-002
1.8250000000E+001 5.0000004241E-002
1.8266666667E+001 5.0000004241E-002
1.8283333333E+001 5.0000004241E-002
1.8300000000E+001 5.0000004241E-002
1.8316666667E+001 5.0000004241E-002
1.8333333333E+001 5.0000004241E-002
1.8350000000E+001 5.0000004241E-002
1.8366666667E+001 5.0000004241E-002
1.8383333333E+001 5.0000004241E-002
1.8400000000E+001 5.0000004241E-002
1.8416666667E+001 5.0000004241E-002
1.8433333333E+001 5.0000004241E-002
1.8450000000E+001 5.0000004241E-002
1.8466666667E+001 5.0000004241E-002
1.8483333333E+001 5.0000004241E-002
1.8500000000E+001 5.0000004241E-002
1.8516666667E+001 5.0000004241E-002
1.8533333333E+001 5.0000004241E-002
1.8550000000E+001 5.0000004241E-002
1.8566666667E+001 5.0000004241E-002
1.8583333333E+001 5.0000004241E-002
1.8600000000E+001 5.0000004241E-002
1.8616666667E+001 5.0000004241E-002
1.8633333333E+001 5.0000004241E-002
1.8650000000E+001 5.0000004241E-002
1.8666666667E+001 5.0000004241E-002
1.8683333333E+001 5.0000004241E-002
1.8700000000E+001 5.0000004241E-002
1.8716666667E+001 5.0000004241E-002
1.8733333333E+001 5.0000004241E-002
1.8750000000E+001 5.0000004241E-002
1.8766666667E+001 5.0000004241E-002
1.8783333333E+001 5.0000004241E-002
1.8800000000E+001 5.0000004241E-002
1.8816666667E+001 5.0000004241E-002
1.8833333333E+001 5.0000004241E-002
1.8850000000E+001 5.0000004241E-002
1.8866666667E+001 5.0000004241E-002
1.8883333333E+001 5.0000004241E-002
1.8900000000E+001 5.0000004241E-002
1.8916666667E+001 5.0000004241E-002
1.8933333333E+001 5.0000004241E-002
1.8950000000E+001 5.0000004241E-002
1.8966666667E+001 5.0000004241E-002
1.8983333333E+001 5.0000004241E-002
1.9000000000E+001 5.0000004241E-002
1.9016666667E+001 5.0000004241E-002
1.9033333333E+001 5.0000004241E-002
1.9050000000E+001 5.0000004241E-002
1.9066666667E+001 5.0000004241E-002
1.9083333333E+001 5.0000004241E-002
1.9100000000E+001 5.0000004241E-002
1.9116666667E+001 5.0000004241E-002
1.9133333333E+001 5.0000004241E-002
1.9150000000E+001 5.0000004241E-002
1.9166666667E+001 5.0000004241E-002
1.9183333333E+001 5.0000004241E-002
1.9200000000E+001 5.0000004241E-002
1.9216666667E+001 5.0000004241E-002
1.9233333333E+001 5.0000004241E-002
1.9250000000E+001 5.0000004241E-002
1.9266666667E+001 5.0000004241E-002
1.9283333333E+001 5.0000004241E-002
1.9300000000E+001 5.0000004241E-002
1.9316666667E+001 5.0000004241E-002
1.9333333333E+001 5.0000004241E-002
1.9350000000E+001 5.0000004241E-002
1.9366666667E+001 5.0000004241E-002
1.9383333333E+001 5.0000004241E-002
1.9400000000E+001 5.0000004241E-002
1.9416666667E+001 5.0000004241E-002
1.9433333333E+001 5.0000004241E-002
1.9450000000E+001 5.0000004241E-002
1.9466666667E+001 5.0000004241E-002
1.9483333333E+001 5.0000004241E-002
1.9500000000E+001 5.0000004241E-002
1.9516666667E+001 5.0000004241E-002
1.9533333333E+001 5.0000004241E-002
1.9550000000E+001 5.0000004241E-002
1.9566666667E+001 5.0000004241E-002
1.9583333333E+001 5.0000004241E-002
1.9600000000E+001 5.0000004241E-002
1.9616666667E+001 5.0000004241E-002
1.9633333333E+001 5.0000004241E-002
1.9650000000E+001 5.0000004241E-002
1.9666666667E+001 5.0000004241E-002
1.9683333333E+001 5.0000004241E-002
1.9700000000E+001 5.0000004241E-002
1.9716666667E+001 5.0000004241E-002
1.9733333333E+001 5.0000004241E-002
1.9750000000E+001 5.0000004241E-002
1.9766666667E+001 5.0000004241E-002
1.9783333333E+001 5.0000004241E-002
1.9800000000E+001 5.0000004241E-002
1.9816666667E+001 5.0000004241E-002
1.9833333333E+001 5.0000004241E-002
1.9850000000E+001 5.0000004241E-002
1.9866666667E+001 5.0000004241E-002
1.9883333333E+001 5.0000004241E-002
1.9900000000E+001 5.0000004241E-002
1.9916666667E+001 5.0000004241E-002
1.9933333333E+001 5.0000004241E-002
1.9950000000E+001 5.0000004241E-002
1.9966666667E+001 5.0000004241E-002
1.9983333333E+001 5.0000004241E-002
2.0000000000E+001 5.0000004241E-002
