0.0000000000E+000 -2.7316000000E+002
1.6666666667E-002 3.6531121332E+001
3.3333333333E-002 3.6416582791E+001
5.0000000000E-002 3.6435668839E+001
6.6666666667E-002 3.6452100543E+001
8.3333333333E-002 3.6466435480E+001
1.0000000000E-001 3.6479067739E+001
1.1666666667E-001 3.6490296113E+001
1.3333333333E-001 3.6500351747E+001
1.5000000000E-001 3.6509416573E+001
1.6666666667E-001 3.6517635958E+001
1.8333333333E-001 3.6525127526E+001
2.0000000000E-001 3.6531987602E+001
2.1666666667E-001 3.6538294357E+001
2.3333333333E-001 3.6544110822E+001
2.5000000000E-001 3.6549493159E+001
2.6666666667E-001 3.6554489619E+001
2.8333333333E-001 3.6559141493E+001
3.0000000000E-001 3.6563484350E+001
3.1666666667E-001 3.6567549016E+001
3.3333333333E-001 3.6571362350E+001
3.5000000000E-001 3.6574947882E+001
3.6666666667E-001 3.6578326319E+001
3.8333333333E-001 3.6581515964E+001
4.0000000000E-001 3.6584534405E+001
4.1666666667E-001 3.6587397662E+001
4.3333333333E-001 3.6590119314E+001
4.5000000000E-001 3.6592710999E+001
4.6666666667E-001 3.6595182880E+001
4.8333333333E-001 3.6597543948E+001
5.0000000000E-001 3.6599802234E+001
5.1666666667E-001 3.6601964956E+001
5.3333333333E-001 3.6604038562E+001
5.5000000000E-001 3.6606028923E+001
5.6666666667E-001 3.6607941401E+001
5.8333333333E-001 3.6609780917E+001
6.0000000000E-001 3.6611551989E+001
6.1666666667E-001 3.6613258771E+001
6.3333333333E-001 3.6614905089E+001
6.5000000000E-001 3.6616494494E+001
6.6666666667E-001 3.6618030581E+001
6.8333333333E-001 3.6619516792E+001
7.0000000000E-001 3.6620956290E+001
7.1666666667E-001 3.6622351999E+001
7.3333333333E-001 3.6623706632E+001
7.5000000000E-001 3.6625022707E+001
7.6666666667E-001 3.6626302571E+001
7.8333333333E-001 3.6627548409E+001
8.0000000000E-001 3.6628762260E+001
8.1666666667E-001 3.6629946031E+001
8.3333333333E-001 3.6631101503E+001
8.5000000000E-001 3.6632230346E+001
8.6666666667E-001 3.6633334123E+001
8.8333333333E-001 3.6634414301E+001
9.0000000000E-001 3.6635472258E+001
9.1666666667E-001 3.6636509288E+001
9.3333333333E-001 3.6637526608E+001
9.5000000000E-001 3.6638525363E+001
9.6666666667E-001 3.6639506631E+001
9.8333333333E-001 3.6640471428E+001
1.0000000000E+000 3.6641420712E+001
1.0166666667E+000 3.6642355387E+001
1.0333333333E+000 3.6643276305E+001
1.0500000000E+000 3.6644184272E+001
1.0666666667E+000 3.6645080049E+001
1.0833333333E+000 3.6645964355E+001
1.1000000000E+000 3.6646837870E+001
1.1166666667E+000 3.6647701238E+001
1.1333333333E+000 3.6648555068E+001
1.1500000000E+000 3.6649399936E+001
1.1666666667E+000 3.6650236389E+001
1.1833333333E+000 3.6651064944E+001
1.2000000000E+000 3.6651886090E+001
1.2166666667E+000 3.6652700293E+001
1.2333333333E+000 3.6653507993E+001
1.2500000000E+000 3.6654309608E+001
1.2666666667E+000 3.6655105534E+001
1.2833333333E+000 3.6655896146E+001
1.3000000000E+000 3.6656681802E+001
1.3166666667E+000 3.6657462839E+001
1.3333333333E+000 3.6658239578E+001
1.3500000000E+000 3.6659012325E+001
1.3666666667E+000 3.6659781367E+001
1.3833333333E+000 3.6660546980E+001
1.4000000000E+000 3.6661309423E+001
1.4166666667E+000 3.6662068945E+001
1.4333333333E+000 3.6662825778E+001
1.4500000000E+000 3.6663580146E+001
1.4666666667E+000 3.6664332260E+001
1.4833333333E+000 3.6665082319E+001
1.5000000000E+000 3.6665830513E+001
1.5166666667E+000 3.6666577024E+001
1.5333333333E+000 3.6667322020E+001
1.5500000000E+000 3.6668065664E+001
1.5666666667E+000 3.6668808108E+001
1.5833333333E+000 3.6669549499E+001
1.6000000000E+000 3.6670289972E+001
1.6166666667E+000 3.6671029659E+001
1.6333333333E+000 3.6671768681E+001
1.6500000000E+000 3.6672507155E+001
1.6666666667E+000 3.6673245191E+001
1.6833333333E+000 3.6673982892E+001
1.7000000000E+000 3.6674720356E+001
1.7166666667E+000 3.6675457674E+001
1.7333333333E+000 3.6676194934E+001
1.7500000000E+000 3.6676932218E+001
1.7666666667E+000 3.6677669600E+001
1.7833333333E+000 3.6678407155E+001
1.8000000000E+000 3.6679144949E+001
1.8166666667E+000 3.6679883045E+001
1.8333333333E+000 3.6680621503E+001
1.8500000000E+000 3.6681360378E+001
1.8666666667E+000 3.6682099721E+001
1.8833333333E+000 3.6682839579E+001
1.9000000000E+000 3.6683579999E+001
1.9166666667E+000 3.6684321020E+001
1.9333333333E+000 3.6685062680E+001
1.9500000000E+000 3.6685805015E+001
1.9666666667E+000 3.6686548056E+001
1.9833333333E+000 3.6687291834E+001
2.0000000000E+000 3.6688036373E+001
2.0166666667E+000 3.6688781699E+001
2.0333333333E+000 3.6689527834E+001
2.0500000000E+000 3.6690274796E+001
2.0666666667E+000 3.6691022602E+001
2.0833333333E+000 3.6691771269E+001
2.1000000000E+000 3.6692520808E+001
2.1166666667E+000 3.6693271231E+001
2.1333333333E+000 3.6694022547E+001
2.1500000000E+000 3.6694774763E+001
2.1666666667E+000 3.6695527886E+001
2.1833333333E+000 3.6696281918E+001
2.2000000000E+000 3.6697036864E+001
2.2166666667E+000 3.6697792723E+001
2.2333333333E+000 3.6698549496E+001
2.2500000000E+000 3.6699307180E+001
2.2666666667E+000 3.6700065773E+001
2.2833333333E+000 3.6700825271E+001
2.3000000000E+000 3.6701585667E+001
2.3166666667E+000 3.6702346956E+001
2.3333333333E+000 3.6703109131E+001
2.3500000000E+000 3.6703872181E+001
2.3666666667E+000 3.6704636099E+001
2.3833333333E+000 3.6705400873E+001
2.4000000000E+000 3.6706166492E+001
2.4166666667E+000 3.6706932944E+001
2.4333333333E+000 3.6707700215E+001
2.4500000000E+000 3.6708468293E+001
2.4666666667E+000 3.6709237163E+001
2.4833333333E+000 3.6710006810E+001
2.5000000000E+000 3.6710777218E+001
2.5166666667E+000 3.6711548370E+001
2.5333333333E+000 3.6712320251E+001
2.5500000000E+000 3.6713092842E+001
2.5666666667E+000 3.6713866126E+001
2.5833333333E+000 3.6714640084E+001
2.6000000000E+000 3.6715414698E+001
2.6166666667E+000 3.6716189949E+001
2.6333333333E+000 3.6716965816E+001
2.6500000000E+000 3.6717742281E+001
2.6666666667E+000 3.6718519322E+001
2.6833333333E+000 3.6719296919E+001
2.7000000000E+000 3.6720075052E+001
2.7166666667E+000 3.6720853699E+001
2.7333333333E+000 3.6721632839E+001
2.7500000000E+000 3.6722412451E+001
2.7666666667E+000 3.6723192512E+001
2.7833333333E+000 3.6723973002E+001
2.8000000000E+000 3.6724753897E+001
2.8166666667E+000 3.6725535176E+001
2.8333333333E+000 3.6726316816E+001
2.8500000000E+000 3.6727098795E+001
2.8666666667E+000 3.6727881090E+001
2.8833333333E+000 3.6728663679E+001
2.9000000000E+000 3.6729446539E+001
2.9166666667E+000 3.6730229648E+001
2.9333333333E+000 3.6731012983E+001
2.9500000000E+000 3.6731796520E+001
2.9666666667E+000 3.6732580238E+001
2.9833333333E+000 3.6733364113E+001
3.0000000000E+000 3.6734148123E+001
3.0166666667E+000 3.6734932245E+001
3.0333333333E+000 3.6735716457E+001
3.0500000000E+000 3.6736500736E+001
3.0666666667E+000 3.6737285058E+001
3.0833333333E+000 3.6738069403E+001
3.1000000000E+000 3.6738853748E+001
3.1166666667E+000 3.6739638069E+001
3.1333333333E+000 3.6740422346E+001
3.1500000000E+000 3.6741206555E+001
3.1666666667E+000 3.6741990676E+001
3.1833333333E+000 3.6742774685E+001
3.2000000000E+000 3.6743558562E+001
3.2166666667E+000 3.6744342285E+001
3.2333333333E+000 3.6745125832E+001
3.2500000000E+000 3.6745909182E+001
3.2666666667E+000 3.6746692314E+001
3.2833333333E+000 3.6747475207E+001
3.3000000000E+000 3.6748257839E+001
3.3166666667E+000 3.6749040191E+001
3.3333333333E+000 3.6749822241E+001
3.3500000000E+000 3.6750603970E+001
3.3666666667E+000 3.6751385357E+001
3.3833333333E+000 3.6752166383E+001
3.4000000000E+000 3.6752947026E+001
3.4166666667E+000 3.6753727269E+001
3.4333333333E+000 3.6754507091E+001
3.4500000000E+000 3.6755286473E+001
3.4666666667E+000 3.6756065396E+001
3.4833333333E+000 3.6756843841E+001
3.5000000000E+000 3.6757621790E+001
3.5166666667E+000 3.6758399225E+001
3.5333333333E+000 3.6759176126E+001
3.5500000000E+000 3.6759952476E+001
3.5666666667E+000 3.6760728258E+001
3.5833333333E+000 3.6761503453E+001
3.6000000000E+000 3.6762278045E+001
3.6166666667E+000 3.6763052015E+001
3.6333333333E+000 3.6763825348E+001
3.6500000000E+000 3.6764598026E+001
3.6666666667E+000 3.6765370033E+001
3.6833333333E+000 3.6766141352E+001
3.7000000000E+000 3.6766911968E+001
3.7166666667E+000 3.6767681865E+001
3.7333333333E+000 3.6768451026E+001
3.7500000000E+000 3.6769219437E+001
3.7666666667E+000 3.6769987083E+001
3.7833333333E+000 3.6770753948E+001
3.8000000000E+000 3.6771520017E+001
3.8166666667E+000 3.6772285277E+001
3.8333333333E+000 3.6773049712E+001
3.8500000000E+000 3.6773813308E+001
3.8666666667E+000 3.6774576053E+001
3.8833333333E+000 3.6775337931E+001
3.9000000000E+000 3.6776098930E+001
3.9166666667E+000 3.6776859036E+001
3.9333333333E+000 3.6777618237E+001
3.9500000000E+000 3.6778376519E+001
3.9666666667E+000 3.6779133869E+001
3.9833333333E+000 3.6779890277E+001
4.0000000000E+000 3.6780645728E+001
4.0166666667E+000 3.6781400211E+001
4.0333333333E+000 3.6782153716E+001
4.0500000000E+000 3.6782906228E+001
4.0666666667E+000 3.6783657739E+001
4.0833333333E+000 3.6784408236E+001
4.1000000000E+000 3.6785157708E+001
4.1166666667E+000 3.6785906145E+001
4.1333333333E+000 3.6786653537E+001
4.1500000000E+000 3.6787399872E+001
4.1666666667E+000 3.6788145141E+001
4.1833333333E+000 3.6788889333E+001
4.2000000000E+000 3.6789632440E+001
4.2166666667E+000 3.6790374451E+001
4.2333333333E+000 3.6791115357E+001
4.2500000000E+000 3.6791855149E+001
4.2666666667E+000 3.6792593818E+001
4.2833333333E+000 3.6793331355E+001
4.3000000000E+000 3.6794067751E+001
4.3166666667E+000 3.6794802999E+001
4.3333333333E+000 3.6795537089E+001
4.3500000000E+000 3.6796270015E+001
4.3666666667E+000 3.6797001767E+001
4.3833333333E+000 3.6797732338E+001
4.4000000000E+000 3.6798461721E+001
4.4166666667E+000 3.6799189908E+001
4.4333333333E+000 3.6799916892E+001
4.4500000000E+000 3.6800642667E+001
4.4666666667E+000 3.6801367224E+001
4.4833333333E+000 3.6802090558E+001
4.5000000000E+000 3.6802812662E+001
4.5166666667E+000 3.6803533530E+001
4.5333333333E+000 3.6804253155E+001
4.5500000000E+000 3.6804971532E+001
4.5666666667E+000 3.6805688654E+001
4.5833333333E+000 3.6806404516E+001
4.6000000000E+000 3.6807119113E+001
4.6166666667E+000 3.6807832438E+001
4.6333333333E+000 3.6808544486E+001
4.6500000000E+000 3.6809255254E+001
4.6666666667E+000 3.6809964734E+001
4.6833333333E+000 3.6810672924E+001
4.7000000000E+000 3.6811379817E+001
4.7166666667E+000 3.6812085410E+001
4.7333333333E+000 3.6812789698E+001
4.7500000000E+000 3.6813492676E+001
4.7666666667E+000 3.6814194341E+001
4.7833333333E+000 3.6814894689E+001
4.8000000000E+000 3.6815593716E+001
4.8166666667E+000 3.6816291417E+001
4.8333333333E+000 3.6816987790E+001
4.8500000000E+000 3.6817682831E+001
4.8666666667E+000 3.6818376537E+001
4.8833333333E+000 3.6819068904E+001
4.9000000000E+000 3.6819759929E+001
4.9166666667E+000 3.6820449610E+001
4.9333333333E+000 3.6821137942E+001
4.9500000000E+000 3.6821824925E+001
4.9666666667E+000 3.6822510555E+001
4.9833333333E+000 3.6823194829E+001
5.0000000000E+000 3.6823877745E+001
5.0166666667E+000 3.6824559300E+001
5.0333333333E+000 3.6825239494E+001
5.0500000000E+000 3.6825918323E+001
5.0666666667E+000 3.6826595785E+001
5.0833333333E+000 3.6827271879E+001
5.1000000000E+000 3.6827946603E+001
5.1166666667E+000 3.6828619955E+001
5.1333333333E+000 3.6829291933E+001
5.1500000000E+000 3.6829962537E+001
5.1666666667E+000 3.6830631764E+001
5.1833333333E+000 3.6831299614E+001
5.2000000000E+000 3.6831966085E+001
5.2166666667E+000 3.6832631176E+001
5.2333333333E+000 3.6833294886E+001
5.2500000000E+000 3.6833957214E+001
5.2666666667E+000 3.6834618160E+001
5.2833333333E+000 3.6835277722E+001
5.3000000000E+000 3.6835935900E+001
5.3166666667E+000 3.6836592693E+001
5.3333333333E+000 3.6837248101E+001
5.3500000000E+000 3.6837902124E+001
5.3666666667E+000 3.6838554760E+001
5.3833333333E+000 3.6839206010E+001
5.4000000000E+000 3.6839855874E+001
5.4166666667E+000 3.6840504351E+001
5.4333333333E+000 3.6841151442E+001
5.4500000000E+000 3.6841797145E+001
5.4666666667E+000 3.6842441463E+001
5.4833333333E+000 3.6843084394E+001
5.5000000000E+000 3.6843725938E+001
5.5166666667E+000 3.6844366097E+001
5.5333333333E+000 3.6845004871E+001
5.5500000000E+000 3.6845642259E+001
5.5666666667E+000 3.6846278263E+001
5.5833333333E+000 3.6846912883E+001
5.6000000000E+000 3.6847546119E+001
5.6166666667E+000 3.6848177973E+001
5.6333333333E+000 3.6848808445E+001
5.6500000000E+000 3.6849437536E+001
5.6666666667E+000 3.6850065246E+001
5.6833333333E+000 3.6850691577E+001
5.7000000000E+000 3.6851316529E+001
5.7166666667E+000 3.6851940104E+001
5.7333333333E+000 3.6852562303E+001
5.7500000000E+000 3.6853183126E+001
5.7666666667E+000 3.6853802575E+001
5.7833333333E+000 3.6854420651E+001
5.8000000000E+000 3.6855037356E+001
5.8166666667E+000 3.6855652690E+001
5.8333333333E+000 3.6856266655E+001
5.8500000000E+000 3.6856879253E+001
5.8666666667E+000 3.6857490485E+001
5.8833333333E+000 3.6858100352E+001
5.9000000000E+000 3.6858708855E+001
5.9166666667E+000 3.6859315998E+001
5.9333333333E+000 3.6859921780E+001
5.9500000000E+000 3.6860526205E+001
5.9666666667E+000 3.6861129272E+001
5.9833333333E+000 3.6861730985E+001
6.0000000000E+000 3.6862331345E+001
6.0166666667E+000 3.6862930354E+001
6.0333333333E+000 3.6863528013E+001
6.0500000000E+000 3.6864124325E+001
6.0666666667E+000 3.6864719292E+001
6.0833333333E+000 3.6865312914E+001
6.1000000000E+000 3.6865905195E+001
6.1166666667E+000 3.6866496137E+001
6.1333333333E+000 3.6867085741E+001
6.1500000000E+000 3.6867674009E+001
6.1666666667E+000 3.6868260944E+001
6.1833333333E+000 3.6868846547E+001
6.2000000000E+000 3.6869430822E+001
6.2166666667E+000 3.6870013770E+001
6.2333333333E+000 3.6870595393E+001
6.2500000000E+000 3.6871175693E+001
6.2666666667E+000 3.6871754673E+001
6.2833333333E+000 3.6872332336E+001
6.3000000000E+000 3.6872908683E+001
6.3166666667E+000 3.6873483717E+001
6.3333333333E+000 3.6874057439E+001
6.3500000000E+000 3.6874629854E+001
6.3666666667E+000 3.6875200962E+001
6.3833333333E+000 3.6875770767E+001
6.4000000000E+000 3.6876339270E+001
6.4166666667E+000 3.6876906475E+001
6.4333333333E+000 3.6877472384E+001
6.4500000000E+000 3.6878036999E+001
6.4666666667E+000 3.6878600323E+001
6.4833333333E+000 3.6879162358E+001
6.5000000000E+000 3.6879723107E+001
6.5166666667E+000 3.6880282573E+001
6.5333333333E+000 3.6880840758E+001
6.5500000000E+000 3.6881397665E+001
6.5666666667E+000 3.6881953296E+001
6.5833333333E+000 3.6882507655E+001
6.6000000000E+000 3.6883060743E+001
6.6166666667E+000 3.6883612563E+001
6.6333333333E+000 3.6884163118E+001
6.6500000000E+000 3.6884712412E+001
6.6666666667E+000 3.6885260446E+001
6.6833333333E+000 3.6885807223E+001
6.7000000000E+000 3.6886352746E+001
6.7166666667E+000 3.6886897018E+001
6.7333333333E+000 3.6887440041E+001
6.7500000000E+000 3.6887981819E+001
6.7666666667E+000 3.6888522353E+001
6.7833333333E+000 3.6889061648E+001
6.8000000000E+000 3.6889599705E+001
6.8166666667E+000 3.6890136528E+001
6.8333333333E+000 3.6890672119E+001
6.8500000000E+000 3.6891206481E+001
6.8666666667E+000 3.6891739617E+001
6.8833333333E+000 3.6892271530E+001
6.9000000000E+000 3.6892802222E+001
6.9166666667E+000 3.6893331698E+001
6.9333333333E+000 3.6893859958E+001
6.9500000000E+000 3.6894387007E+001
6.9666666667E+000 3.6894912847E+001
6.9833333333E+000 3.6895437481E+001
7.0000000000E+000 3.6895960912E+001
7.0166666667E+000 3.6896483143E+001
7.0333333333E+000 3.6897004177E+001
7.0500000000E+000 3.6897524016E+001
7.0666666667E+000 3.6898042664E+001
7.0833333333E+000 3.6898560123E+001
7.1000000000E+000 3.6899076396E+001
7.1166666667E+000 3.6899591487E+001
7.1333333333E+000 3.6900105398E+001
7.1500000000E+000 3.6900618133E+001
7.1666666667E+000 3.6901129693E+001
7.1833333333E+000 3.6901640083E+001
7.2000000000E+000 3.6902149304E+001
7.2166666667E+000 3.6902657360E+001
7.2333333333E+000 3.6903164254E+001
7.2500000000E+000 3.6903669989E+001
7.2666666667E+000 3.6904174568E+001
7.2833333333E+000 3.6904677993E+001
7.3000000000E+000 3.6905180268E+001
7.3166666667E+000 3.6905681395E+001
7.3333333333E+000 3.6906181378E+001
7.3500000000E+000 3.6906680219E+001
7.3666666667E+000 3.6907177922E+001
7.3833333333E+000 3.6907674489E+001
7.4000000000E+000 3.6908169923E+001
7.4166666667E+000 3.6908664228E+001
7.4333333333E+000 3.6909157405E+001
7.4500000000E+000 3.6909649459E+001
7.4666666667E+000 3.6910140391E+001
7.4833333333E+000 3.6910630206E+001
7.5000000000E+000 3.6911118905E+001
7.5166666667E+000 3.6911606493E+001
7.5333333333E+000 3.6912092971E+001
7.5500000000E+000 3.6912578342E+001
7.5666666667E+000 3.6913062611E+001
7.5833333333E+000 3.6913545778E+001
7.6000000000E+000 3.6914027849E+001
7.6166666667E+000 3.6914508824E+001
7.6333333333E+000 3.6914988708E+001
7.6500000000E+000 3.6915467503E+001
7.6666666667E+000 3.6915945213E+001
7.6833333333E+000 3.6916421839E+001
7.7000000000E+000 3.6916897385E+001
7.7166666667E+000 3.6917371854E+001
7.7333333333E+000 3.6917845249E+001
7.7500000000E+000 3.6918317572E+001
7.7666666667E+000 3.6918788827E+001
7.7833333333E+000 3.6919259017E+001
7.8000000000E+000 3.6919728143E+001
7.8166666667E+000 3.6920196210E+001
7.8333333333E+000 3.6920663220E+001
7.8500000000E+000 3.6921129176E+001
7.8666666667E+000 3.6921594080E+001
7.8833333333E+000 3.6922057936E+001
7.9000000000E+000 3.6922520747E+001
7.9166666667E+000 3.6922982515E+001
7.9333333333E+000 3.6923443243E+001
7.9500000000E+000 3.6923902934E+001
7.9666666667E+000 3.6924361591E+001
7.9833333333E+000 3.6924819217E+001
8.0000000000E+000 3.6925275814E+001
8.0166666667E+000 3.6925731385E+001
8.0333333333E+000 3.6926185934E+001
8.0500000000E+000 3.6926639463E+001
8.0666666667E+000 3.6927091974E+001
8.0833333333E+000 3.6927543471E+001
8.1000000000E+000 3.6927993956E+001
8.1166666667E+000 3.6928443433E+001
8.1333333333E+000 3.6928891903E+001
8.1500000000E+000 3.6929339370E+001
8.1666666667E+000 3.6929785837E+001
8.1833333333E+000 3.6930231305E+001
8.2000000000E+000 3.6930675779E+001
8.2166666667E+000 3.6931119261E+001
8.2333333333E+000 3.6931561753E+001
8.2500000000E+000 3.6932003258E+001
8.2666666667E+000 3.6932443779E+001
8.2833333333E+000 3.6932883319E+001
8.3000000000E+000 3.6933321880E+001
8.3166666667E+000 3.6933759465E+001
8.3333333333E+000 3.6934196077E+001
8.3500000000E+000 3.6934631719E+001
8.3666666667E+000 3.6935066393E+001
8.3833333333E+000 3.6935500102E+001
8.4000000000E+000 3.6935932848E+001
8.4166666667E+000 3.6936364635E+001
8.4333333333E+000 3.6936795464E+001
8.4500000000E+000 3.6937225339E+001
8.4666666667E+000 3.6937654262E+001
8.4833333333E+000 3.6938082237E+001
8.5000000000E+000 3.6938509264E+001
8.5166666667E+000 3.6938935348E+001
8.5333333333E+000 3.6939360491E+001
8.5500000000E+000 3.6939784695E+001
8.5666666667E+000 3.6940207963E+001
8.5833333333E+000 3.6940630297E+001
8.6000000000E+000 3.6941051701E+001
8.6166666667E+000 3.6941472177E+001
8.6333333333E+000 3.6941891727E+001
8.6500000000E+000 3.6942310354E+001
8.6666666667E+000 3.6942728060E+001
8.6833333333E+000 3.6943144849E+001
8.7000000000E+000 3.6943560722E+001
8.7166666667E+000 3.6943975682E+001
8.7333333333E+000 3.6944389732E+001
8.7500000000E+000 3.6944802875E+001
8.7666666667E+000 3.6945215112E+001
8.7833333333E+000 3.6945626446E+001
8.8000000000E+000 3.6946036881E+001
8.8166666667E+000 3.6946446417E+001
8.8333333333E+000 3.6946855059E+001
8.8500000000E+000 3.6947262807E+001
8.8666666667E+000 3.6947669666E+001
8.8833333333E+000 3.6948075637E+001
8.9000000000E+000 3.6948480722E+001
8.9166666667E+000 3.6948884925E+001
8.9333333333E+000 3.6949288247E+001
8.9500000000E+000 3.6949690691E+001
8.9666666667E+000 3.6950092260E+001
8.9833333333E+000 3.6950492956E+001
9.0000000000E+000 3.6950892782E+001
9.0166666667E+000 3.6951291739E+001
9.0333333333E+000 3.6951689830E+001
9.0500000000E+000 3.6952087058E+001
9.0666666667E+000 3.6952483425E+001
9.0833333333E+000 3.6952878933E+001
9.1000000000E+000 3.6953273585E+001
9.1166666667E+000 3.6953667383E+001
9.1333333333E+000 3.6954060330E+001
9.1500000000E+000 3.6954452427E+001
9.1666666667E+000 3.6954843678E+001
9.1833333333E+000 3.6955234084E+001
9.2000000000E+000 3.6955623648E+001
9.2166666667E+000 3.6956012372E+001
9.2333333333E+000 3.6956400259E+001
9.2500000000E+000 3.6956787311E+001
9.2666666667E+000 3.6957173530E+001
9.2833333333E+000 3.6957558918E+001
9.3000000000E+000 3.6957943478E+001
9.3166666667E+000 3.6958327212E+001
9.3333333333E+000 3.6958710123E+001
9.3500000000E+000 3.6959092211E+001
9.3666666667E+000 3.6959473481E+001
9.3833333333E+000 3.6959853934E+001
9.4000000000E+000 3.6960233572E+001
9.4166666667E+000 3.6960612398E+001
9.4333333333E+000 3.6960990413E+001
9.4500000000E+000 3.6961367621E+001
9.4666666667E+000 3.6961744022E+001
9.4833333333E+000 3.6962119621E+001
9.5000000000E+000 3.6962494417E+001
9.5166666667E+000 3.6962868415E+001
9.5333333333E+000 3.6963241616E+001
9.5500000000E+000 3.6963614022E+001
9.5666666667E+000 3.6963985635E+001
9.5833333333E+000 3.6964356458E+001
9.6000000000E+000 3.6964726493E+001
9.6166666667E+000 3.6965095741E+001
9.6333333333E+000 3.6965464205E+001
9.6500000000E+000 3.6965831888E+001
9.6666666667E+000 3.6966198791E+001
9.6833333333E+000 3.6966564916E+001
9.7000000000E+000 3.6966930266E+001
9.7166666667E+000 3.6967294843E+001
9.7333333333E+000 3.6967658648E+001
9.7500000000E+000 3.6968021684E+001
9.7666666667E+000 3.6968383953E+001
9.7833333333E+000 3.6968745457E+001
9.8000000000E+000 3.6969106198E+001
9.8166666667E+000 3.6969466179E+001
9.8333333333E+000 3.6969825400E+001
9.8500000000E+000 3.6970183865E+001
9.8666666667E+000 3.6970541575E+001
9.8833333333E+000 3.6970898532E+001
9.9000000000E+000 3.6971254739E+001
9.9166666667E+000 3.6971610197E+001
9.9333333333E+000 3.6971964909E+001
9.9500000000E+000 3.6972318876E+001
9.9666666667E+000 3.6972672101E+001
9.9833333333E+000 3.6973024585E+001
1.0000000000E+001 3.6973376330E+001
1.0016666667E+001 3.6973727339E+001
1.0033333333E+001 3.6974077614E+001
1.0050000000E+001 3.6974427156E+001
1.0066666667E+001 3.6974775967E+001
1.0083333333E+001 3.6975124049E+001
1.0100000000E+001 3.6975471405E+001
1.0116666667E+001 3.6975818036E+001
1.0133333333E+001 3.6976163944E+001
1.0150000000E+001 3.6976509131E+001
1.0166666667E+001 3.6976853599E+001
1.0183333333E+001 3.6977197350E+001
1.0200000000E+001 3.6977540387E+001
1.0216666667E+001 3.6977882709E+001
1.0233333333E+001 3.6978224321E+001
1.0250000000E+001 3.6978565223E+001
1.0266666667E+001 3.6978905417E+001
1.0283333333E+001 3.6979244906E+001
1.0300000000E+001 3.6979583691E+001
1.0316666667E+001 3.6979921774E+001
1.0333333333E+001 3.6980259157E+001
1.0350000000E+001 3.6980595841E+001
1.0366666667E+001 3.6980931830E+001
1.0383333333E+001 3.6981267124E+001
1.0400000000E+001 3.6981601725E+001
1.0416666667E+001 3.6981935635E+001
1.0433333333E+001 3.6982268856E+001
1.0450000000E+001 3.6982601390E+001
1.0466666667E+001 3.6982933239E+001
1.0483333333E+001 3.6983264404E+001
1.0500000000E+001 3.6983594887E+001
1.0516666667E+001 3.6983924690E+001
1.0533333333E+001 3.6984253815E+001
1.0550000000E+001 3.6984582264E+001
1.0566666667E+001 3.6984910038E+001
1.0583333333E+001 3.6985237139E+001
1.0600000000E+001 3.6985563569E+001
1.0616666667E+001 3.6985889329E+001
1.0633333333E+001 3.6986214422E+001
1.0650000000E+001 3.6986538849E+001
1.0666666667E+001 3.6986862612E+001
1.0683333333E+001 3.6987185713E+001
1.0700000000E+001 3.6987508153E+001
1.0716666667E+001 3.6987829933E+001
1.0733333333E+001 3.6988151057E+001
1.0750000000E+001 3.6988471525E+001
1.0766666667E+001 3.6988791339E+001
1.0783333333E+001 3.6989110502E+001
1.0800000000E+001 3.6989429013E+001
1.0816666667E+001 3.6989746876E+001
1.0833333333E+001 3.6990064092E+001
1.0850000000E+001 3.6990380663E+001
1.0866666667E+001 3.6990696590E+001
1.0883333333E+001 3.6991011874E+001
1.0900000000E+001 3.6991326519E+001
1.0916666667E+001 3.6991640524E+001
1.0933333333E+001 3.6991953893E+001
1.0950000000E+001 3.6992266626E+001
1.0966666667E+001 3.6992578725E+001
1.0983333333E+001 3.6992890192E+001
1.1000000000E+001 3.6993201028E+001
1.1016666667E+001 3.6993511236E+001
1.1033333333E+001 3.6993820816E+001
1.1050000000E+001 3.6994129771E+001
1.1066666667E+001 3.6994438101E+001
1.1083333333E+001 3.6994745809E+001
1.1100000000E+001 3.6995052896E+001
1.1116666667E+001 3.6995359363E+001
1.1133333333E+001 3.6995665213E+001
1.1150000000E+001 3.6995970446E+001
1.1166666667E+001 3.6996275065E+001
1.1183333333E+001 3.6996579071E+001
1.1200000000E+001 3.6996882466E+001
1.1216666667E+001 3.6997185250E+001
1.1233333333E+001 3.6997487426E+001
1.1250000000E+001 3.6997788995E+001
1.1266666667E+001 3.6998089959E+001
1.1283333333E+001 3.6998390320E+001
1.1300000000E+001 3.6998690077E+001
1.1316666667E+001 3.6998989235E+001
1.1333333333E+001 3.6999287793E+001
1.1350000000E+001 3.6999585753E+001
1.1366666667E+001 3.6999883117E+001
1.1383333333E+001 3.7000179887E+001
1.1400000000E+001 3.7000476063E+001
1.1416666667E+001 3.7000771647E+001
1.1433333333E+001 3.7001066642E+001
1.1450000000E+001 3.7001361048E+001
1.1466666667E+001 3.7001654866E+001
1.1483333333E+001 3.7001948099E+001
1.1500000000E+001 3.7002240747E+001
1.1516666667E+001 3.7002532813E+001
1.1533333333E+001 3.7002824297E+001
1.1550000000E+001 3.7003115201E+001
1.1566666667E+001 3.7003405527E+001
1.1583333333E+001 3.7003695276E+001
1.1600000000E+001 3.7003984449E+001
1.1616666667E+001 3.7004273048E+001
1.1633333333E+001 3.7004561075E+001
1.1650000000E+001 3.7004848530E+001
1.1666666667E+001 3.7005135415E+001
1.1683333333E+001 3.7005421732E+001
1.1700000000E+001 3.7005707482E+001
1.1716666667E+001 3.7005992666E+001
1.1733333333E+001 3.7006277285E+001
1.1750000000E+001 3.7006561343E+001
1.1766666667E+001 3.7006844838E+001
1.1783333333E+001 3.7007127774E+001
1.1800000000E+001 3.7007410151E+001
1.1816666667E+001 3.7007691970E+001
1.1833333333E+001 3.7007973234E+001
1.1850000000E+001 3.7008253943E+001
1.1866666667E+001 3.7008534099E+001
1.1883333333E+001 3.7008813703E+001
1.1900000000E+001 3.7009092756E+001
1.1916666667E+001 3.7009371261E+001
1.1933333333E+001 3.7009649218E+001
1.1950000000E+001 3.7009926628E+001
1.1966666667E+001 3.7010203493E+001
1.1983333333E+001 3.7010479815E+001
1.2000000000E+001 3.7010755594E+001
1.2016666667E+001 3.7011030832E+001
1.2033333333E+001 3.7011305530E+001
1.2050000000E+001 3.7011579690E+001
1.2066666667E+001 3.7011853312E+001
1.2083333333E+001 3.7012126399E+001
1.2100000000E+001 3.7012398951E+001
1.2116666667E+001 3.7012670970E+001
1.2133333333E+001 3.7012942458E+001
1.2150000000E+001 3.7013213414E+001
1.2166666667E+001 3.7013483841E+001
1.2183333333E+001 3.7013753740E+001
1.2200000000E+001 3.7014023112E+001
1.2216666667E+001 3.7014291959E+001
1.2233333333E+001 3.7014560281E+001
1.2250000000E+001 3.7014828081E+001
1.2266666667E+001 3.7015095359E+001
1.2283333333E+001 3.7015362116E+001
1.2300000000E+001 3.7015628354E+001
1.2316666667E+001 3.7015894074E+001
1.2333333333E+001 3.7016159278E+001
1.2350000000E+001 3.7016423966E+001
1.2366666667E+001 3.7016688140E+001
1.2383333333E+001 3.7016951800E+001
1.2400000000E+001 3.7017214949E+001
1.2416666667E+001 3.7017477588E+001
1.2433333333E+001 3.7017739717E+001
1.2450000000E+001 3.7018001338E+001
1.2466666667E+001 3.7018262452E+001
1.2483333333E+001 3.7018523061E+001
1.2500000000E+001 3.7018783165E+001
1.2516666667E+001 3.7019042766E+001
1.2533333333E+001 3.7019301865E+001
1.2550000000E+001 3.7019560463E+001
1.2566666667E+001 3.7019818561E+001
1.2583333333E+001 3.7020076161E+001
1.2600000000E+001 3.7020333263E+001
1.2616666667E+001 3.7020589870E+001
1.2633333333E+001 3.7020845981E+001
1.2650000000E+001 3.7021101599E+001
1.2666666667E+001 3.7021356724E+001
1.2683333333E+001 3.7021611358E+001
1.2700000000E+001 3.7021865501E+001
1.2716666667E+001 3.7022119155E+001
1.2733333333E+001 3.7022372322E+001
1.2750000000E+001 3.7022625001E+001
1.2766666667E+001 3.7022877195E+001
1.2783333333E+001 3.7023128905E+001
1.2800000000E+001 3.7023380131E+001
1.2816666667E+001 3.7023630875E+001
1.2833333333E+001 3.7023881138E+001
1.2850000000E+001 3.7024130920E+001
1.2866666667E+001 3.7024380224E+001
1.2883333333E+001 3.7024629051E+001
1.2900000000E+001 3.7024877400E+001
1.2916666667E+001 3.7025125274E+001
1.2933333333E+001 3.7025372674E+001
1.2950000000E+001 3.7025619601E+001
1.2966666667E+001 3.7025866055E+001
1.2983333333E+001 3.7026112039E+001
1.3000000000E+001 3.7026357552E+001
1.3016666667E+001 3.7026602597E+001
1.3033333333E+001 3.7026847174E+001
1.3050000000E+001 3.7027091284E+001
1.3066666667E+001 3.7027334928E+001
1.3083333333E+001 3.7027578108E+001
1.3100000000E+001 3.7027820825E+001
1.3116666667E+001 3.7028063079E+001
1.3133333333E+001 3.7028304872E+001
1.3150000000E+001 3.7028546205E+001
1.3166666667E+001 3.7028787079E+001
1.3183333333E+001 3.7029027494E+001
1.3200000000E+001 3.7029267453E+001
1.3216666667E+001 3.7029506956E+001
1.3233333333E+001 3.7029746003E+001
1.3250000000E+001 3.7029984597E+001
1.3266666667E+001 3.7030222738E+001
1.3283333333E+001 3.7030460427E+001
1.3300000000E+001 3.7030697666E+001
1.3316666667E+001 3.7030934455E+001
1.3333333333E+001 3.7031170795E+001
1.3350000000E+001 3.7031406687E+001
1.3366666667E+001 3.7031642133E+001
1.3383333333E+001 3.7031877134E+001
1.3400000000E+001 3.7032111689E+001
1.3416666667E+001 3.7032345802E+001
1.3433333333E+001 3.7032579471E+001
1.3450000000E+001 3.7032812700E+001
1.3466666667E+001 3.7033045487E+001
1.3483333333E+001 3.7033277835E+001
1.3500000000E+001 3.7033509745E+001
1.3516666667E+001 3.7033741217E+001
1.3533333333E+001 3.7033972253E+001
1.3550000000E+001 3.7034202853E+001
1.3566666667E+001 3.7034433019E+001
1.3583333333E+001 3.7034662751E+001
1.3600000000E+001 3.7034892050E+001
1.3616666667E+001 3.7035120918E+001
1.3633333333E+001 3.7035349356E+001
1.3650000000E+001 3.7035577364E+001
1.3666666667E+001 3.7035804943E+001
1.3683333333E+001 3.7036032094E+001
1.3700000000E+001 3.7036258819E+001
1.3716666667E+001 3.7036485118E+001
1.3733333333E+001 3.7036710992E+001
1.3750000000E+001 3.7036936443E+001
1.3766666667E+001 3.7037161471E+001
1.3783333333E+001 3.7037386076E+001
1.3800000000E+001 3.7037610261E+001
1.3816666667E+001 3.7037834026E+001
1.3833333333E+001 3.7038057372E+001
1.3850000000E+001 3.7038280299E+001
1.3866666667E+001 3.7038502810E+001
1.3883333333E+001 3.7038724904E+001
1.3900000000E+001 3.7038946583E+001
1.3916666667E+001 3.7039167847E+001
1.3933333333E+001 3.7039388698E+001
1.3950000000E+001 3.7039609137E+001
1.3966666667E+001 3.7039829164E+001
1.3983333333E+001 3.7040048780E+001
1.4000000000E+001 3.7040267986E+001
1.4016666667E+001 3.7040486784E+001
1.4033333333E+001 3.7040705174E+001
1.4050000000E+001 3.7040923156E+001
1.4066666667E+001 3.7041140733E+001
1.4083333333E+001 3.7041357904E+001
1.4100000000E+001 3.7041574671E+001
1.4116666667E+001 3.7041791035E+001
1.4133333333E+001 3.7042006996E+001
1.4150000000E+001 3.7042222555E+001
1.4166666667E+001 3.7042437714E+001
1.4183333333E+001 3.7042652473E+001
1.4200000000E+001 3.7042866832E+001
1.4216666667E+001 3.7043080794E+001
1.4233333333E+001 3.7043294359E+001
1.4250000000E+001 3.7043507527E+001
1.4266666667E+001 3.7043720300E+001
1.4283333333E+001 3.7043932678E+001
1.4300000000E+001 3.7044144663E+001
1.4316666667E+001 3.7044356255E+001
1.4333333333E+001 3.7044567454E+001
1.4350000000E+001 3.7044778263E+001
1.4366666667E+001 3.7044988681E+001
1.4383333333E+001 3.7045198710E+001
1.4400000000E+001 3.7045408351E+001
1.4416666667E+001 3.7045617604E+001
1.4433333333E+001 3.7045826470E+001
1.4450000000E+001 3.7046034950E+001
1.4466666667E+001 3.7046243045E+001
1.4483333333E+001 3.7046450755E+001
1.4500000000E+001 3.7046658083E+001
1.4516666667E+001 3.7046865027E+001
1.4533333333E+001 3.7047071590E+001
1.4550000000E+001 3.7047277772E+001
1.4566666667E+001 3.7047483574E+001
1.4583333333E+001 3.7047688996E+001
1.4600000000E+001 3.7047894040E+001
1.4616666667E+001 3.7048098707E+001
1.4633333333E+001 3.7048302996E+001
1.4650000000E+001 3.7048506910E+001
1.4666666667E+001 3.7048710448E+001
1.4683333333E+001 3.7048913613E+001
1.4700000000E+001 3.7049116403E+001
1.4716666667E+001 3.7049318821E+001
1.4733333333E+001 3.7049520867E+001
1.4750000000E+001 3.7049722542E+001
1.4766666667E+001 3.7049923847E+001
1.4783333333E+001 3.7050124782E+001
1.4800000000E+001 3.7050325348E+001
1.4816666667E+001 3.7050525547E+001
1.4833333333E+001 3.7050725378E+001
1.4850000000E+001 3.7050924843E+001
1.4866666667E+001 3.7051123943E+001
1.4883333333E+001 3.7051322677E+001
1.4900000000E+001 3.7051521048E+001
1.4916666667E+001 3.7051719056E+001
1.4933333333E+001 3.7051916701E+001
1.4950000000E+001 3.7052113985E+001
1.4966666667E+001 3.7052310908E+001
1.4983333333E+001 3.7052507471E+001
1.5000000000E+001 3.7052703675E+001
1.5016666667E+001 3.7052899520E+001
1.5033333333E+001 3.7053095007E+001
1.5050000000E+001 3.7053290137E+001
1.5066666667E+001 3.7053484912E+001
1.5083333333E+001 3.7053679330E+001
1.5100000000E+001 3.7053873394E+001
1.5116666667E+001 3.7054067105E+001
1.5133333333E+001 3.7054260462E+001
1.5150000000E+001 3.7054453466E+001
1.5166666667E+001 3.7054646119E+001
1.5183333333E+001 3.7054838421E+001
1.5200000000E+001 3.7055030373E+001
1.5216666667E+001 3.7055221976E+001
1.5233333333E+001 3.7055413230E+001
1.5250000000E+001 3.7055604135E+001
1.5266666667E+001 3.7055794694E+001
1.5283333333E+001 3.7055984906E+001
1.5300000000E+001 3.7056174773E+001
1.5316666667E+001 3.7056364295E+001
1.5333333333E+001 3.7056553472E+001
1.5350000000E+001 3.7056742306E+001
1.5366666667E+001 3.7056930797E+001
1.5383333333E+001 3.7057118946E+001
1.5400000000E+001 3.7057306754E+001
1.5416666667E+001 3.7057494221E+001
1.5433333333E+001 3.7057681348E+001
1.5450000000E+001 3.7057868136E+001
1.5466666667E+001 3.7058054586E+001
1.5483333333E+001 3.7058240697E+001
1.5500000000E+001 3.7058426472E+001
1.5516666667E+001 3.7058611911E+001
1.5533333333E+001 3.7058797014E+001
1.5550000000E+001 3.7058981782E+001
1.5566666667E+001 3.7059166215E+001
1.5583333333E+001 3.7059350316E+001
1.5600000000E+001 3.7059534083E+001
1.5616666667E+001 3.7059717519E+001
1.5633333333E+001 3.7059900623E+001
1.5650000000E+001 3.7060083396E+001
1.5666666667E+001 3.7060265839E+001
1.5683333333E+001 3.7060447954E+001
1.5700000000E+001 3.7060629739E+001
1.5716666667E+001 3.7060811196E+001
1.5733333333E+001 3.7060992327E+001
1.5750000000E+001 3.7061173130E+001
1.5766666667E+001 3.7061353608E+001
1.5783333333E+001 3.7061533761E+001
1.5800000000E+001 3.7061712167E+001
1.5816666667E+001 3.7061888998E+001
1.5833333333E+001 3.7062065491E+001
1.5850000000E+001 3.7062241649E+001
1.5866666667E+001 3.7062417472E+001
1.5883333333E+001 3.7062592962E+001
1.5900000000E+001 3.7062768120E+001
1.5916666667E+001 3.7062942947E+001
1.5933333333E+001 3.7063117444E+001
1.5950000000E+001 3.7063287420E+001
1.5966666667E+001 3.7063454191E+001
1.5983333333E+001 3.7063620652E+001
1.6000000000E+001 3.7063786805E+001
1.6016666667E+001 3.7063952655E+001
1.6033333333E+001 3.7064118206E+001
1.6050000000E+001 3.7064283462E+001
1.6066666667E+001 3.7064448425E+001
1.6083333333E+001 3.7064613100E+001
1.6100000000E+001 3.7064777490E+001
1.6116666667E+001 3.7064941598E+001
1.6133333333E+001 3.7065105428E+001
1.6150000000E+001 3.7065268983E+001
1.6166666667E+001 3.7065432266E+001
1.6183333333E+001 3.7065595280E+001
1.6200000000E+001 3.7065758028E+001
1.6216666667E+001 3.7065920514E+001
1.6233333333E+001 3.7066082741E+001
1.6250000000E+001 3.7066244710E+001
1.6266666667E+001 3.7066406425E+001
1.6283333333E+001 3.7066567890E+001
1.6300000000E+001 3.7066729105E+001
1.6316666667E+001 3.7066890075E+001
1.6333333333E+001 3.7067050802E+001
1.6350000000E+001 3.7067211288E+001
1.6366666667E+001 3.7067371535E+001
1.6383333333E+001 3.7067531547E+001
1.6400000000E+001 3.7067691326E+001
1.6416666667E+001 3.7067850874E+001
1.6433333333E+001 3.7068010193E+001
1.6450000000E+001 3.7068169285E+001
1.6466666667E+001 3.7068328154E+001
1.6483333333E+001 3.7068486800E+001
1.6500000000E+001 3.7068645227E+001
1.6516666667E+001 3.7068803435E+001
1.6533333333E+001 3.7068961429E+001
1.6550000000E+001 3.7069119208E+001
1.6566666667E+001 3.7069276776E+001
1.6583333333E+001 3.7069434133E+001
1.6600000000E+001 3.7069591283E+001
1.6616666667E+001 3.7069748227E+001
1.6633333333E+001 3.7069904967E+001
1.6650000000E+001 3.7070061504E+001
1.6666666667E+001 3.7070217840E+001
1.6683333333E+001 3.7070373977E+001
1.6700000000E+001 3.7070529917E+001
1.6716666667E+001 3.7070685662E+001
1.6733333333E+001 3.7070841212E+001
1.6750000000E+001 3.7070996569E+001
1.6766666667E+001 3.7071151736E+001
1.6783333333E+001 3.7071306714E+001
1.6800000000E+001 3.7071461503E+001
1.6816666667E+001 3.7071616106E+001
1.6833333333E+001 3.7071770524E+001
1.6850000000E+001 3.7071924758E+001
1.6866666667E+001 3.7072078810E+001
1.6883333333E+001 3.7072232681E+001
1.6900000000E+001 3.7072386373E+001
1.6916666667E+001 3.7072539886E+001
1.6933333333E+001 3.7072693223E+001
1.6950000000E+001 3.7072846383E+001
1.6966666667E+001 3.7072999369E+001
1.6983333333E+001 3.7073152182E+001
1.7000000000E+001 3.7073304823E+001
1.7016666667E+001 3.7073457292E+001
1.7033333333E+001 3.7073609592E+001
1.7050000000E+001 3.7073761723E+001
1.7066666667E+001 3.7073913686E+001
1.7083333333E+001 3.7074065483E+001
1.7100000000E+001 3.7074217115E+001
1.7116666667E+001 3.7074368582E+001
1.7133333333E+001 3.7074519885E+001
1.7150000000E+001 3.7074671026E+001
1.7166666667E+001 3.7074822005E+001
1.7183333333E+001 3.7074972824E+001
1.7200000000E+001 3.7075123484E+001
1.7216666667E+001 3.7075273984E+001
1.7233333333E+001 3.7075424327E+001
1.7250000000E+001 3.7075574513E+001
1.7266666667E+001 3.7075724543E+001
1.7283333333E+001 3.7075874417E+001
1.7300000000E+001 3.7076024138E+001
1.7316666667E+001 3.7076173705E+001
1.7333333333E+001 3.7076323119E+001
1.7350000000E+001 3.7076472381E+001
1.7366666667E+001 3.7076621492E+001
1.7383333333E+001 3.7076770453E+001
1.7400000000E+001 3.7076919264E+001
1.7416666667E+001 3.7077067926E+001
1.7433333333E+001 3.7077216440E+001
1.7450000000E+001 3.7077364807E+001
1.7466666667E+001 3.7077513027E+001
1.7483333333E+001 3.7077661101E+001
1.7500000000E+001 3.7077809029E+001
1.7516666667E+001 3.7077956813E+001
1.7533333333E+001 3.7078104452E+001
1.7550000000E+001 3.7078251948E+001
1.7566666667E+001 3.7078399302E+001
1.7583333333E+001 3.7078546513E+001
1.7600000000E+001 3.7078693582E+001
1.7616666667E+001 3.7078840510E+001
1.7633333333E+001 3.7078987298E+001
1.7650000000E+001 3.7079133946E+001
1.7666666667E+001 3.7079280455E+001
1.7683333333E+001 3.7079426825E+001
1.7700000000E+001 3.7079573057E+001
1.7716666667E+001 3.7079719151E+001
1.7733333333E+001 3.7079865108E+001
1.7750000000E+001 3.7080010928E+001
1.7766666667E+001 3.7080156612E+001
1.7783333333E+001 3.7080302161E+001
1.7800000000E+001 3.7080447574E+001
1.7816666667E+001 3.7080592853E+001
1.7833333333E+001 3.7080737997E+001
1.7850000000E+001 3.7080883008E+001
1.7866666667E+001 3.7081027885E+001
1.7883333333E+001 3.7081172630E+001
1.7900000000E+001 3.7081317242E+001
1.7916666667E+001 3.7081461723E+001
1.7933333333E+001 3.7081606071E+001
1.7950000000E+001 3.7081750289E+001
1.7966666667E+001 3.7081894376E+001
1.7983333333E+001 3.7082038332E+001
1.8000000000E+001 3.7082182159E+001
1.8016666667E+001 3.7082325856E+001
1.8033333333E+001 3.7082469424E+001
1.8050000000E+001 3.7082612864E+001
1.8066666667E+001 3.7082756175E+001
1.8083333333E+001 3.7082899358E+001
1.8100000000E+001 3.7083042413E+001
1.8116666667E+001 3.7083185341E+001
1.8133333333E+001 3.7083328143E+001
1.8150000000E+001 3.7083470817E+001
1.8166666667E+001 3.7083613366E+001
1.8183333333E+001 3.7083755788E+001
1.8200000000E+001 3.7083898085E+001
1.8216666667E+001 3.7084040257E+001
1.8233333333E+001 3.7084182303E+001
1.8250000000E+001 3.7084324226E+001
1.8266666667E+001 3.7084466024E+001
1.8283333333E+001 3.7084607697E+001
1.8300000000E+001 3.7084749248E+001
1.8316666667E+001 3.7084890674E+001
1.8333333333E+001 3.7085031978E+001
1.8350000000E+001 3.7085173159E+001
1.8366666667E+001 3.7085314217E+001
1.8383333333E+001 3.7085455154E+001
1.8400000000E+001 3.7085595968E+001
1.8416666667E+001 3.7085736660E+001
1.8433333333E+001 3.7085877231E+001
1.8450000000E+001 3.7086017681E+001
1.8466666667E+001 3.7086158010E+001
1.8483333333E+001 3.7086298219E+001
1.8500000000E+001 3.7086438307E+001
1.8516666667E+001 3.7086578274E+001
1.8533333333E+001 3.7086718122E+001
1.8550000000E+001 3.7086857851E+001
1.8566666667E+001 3.7086997459E+001
1.8583333333E+001 3.7087136949E+001
1.8600000000E+001 3.7087276320E+001
1.8616666667E+001 3.7087415572E+001
1.8633333333E+001 3.7087554706E+001
1.8650000000E+001 3.7087693721E+001
1.8666666667E+001 3.7087832618E+001
1.8683333333E+001 3.7087971398E+001
1.8700000000E+001 3.7088110060E+001
1.8716666667E+001 3.7088248604E+001
1.8733333333E+001 3.7088387032E+001
1.8750000000E+001 3.7088525342E+001
1.8766666667E+001 3.7088663536E+001
1.8783333333E+001 3.7088801613E+001
1.8800000000E+001 3.7088939573E+001
1.8816666667E+001 3.7089077418E+001
1.8833333333E+001 3.7089215147E+001
1.8850000000E+001 3.7089352759E+001
1.8866666667E+001 3.7089490257E+001
1.8883333333E+001 3.7089627639E+001
1.8900000000E+001 3.7089764905E+001
1.8916666667E+001 3.7089902057E+001
1.8933333333E+001 3.7090039094E+001
1.8950000000E+001 3.7090176016E+001
1.8966666667E+001 3.7090312824E+001
1.8983333333E+001 3.7090449518E+001
1.9000000000E+001 3.7090586097E+001
1.9016666667E+001 3.7090722562E+001
1.9033333333E+001 3.7090858914E+001
1.9050000000E+001 3.7090995152E+001
1.9066666667E+001 3.7091131277E+001
1.9083333333E+001 3.7091267288E+001
1.9100000000E+001 3.7091403187E+001
1.9116666667E+001 3.7091538972E+001
1.9133333333E+001 3.7091674645E+001
1.9150000000E+001 3.7091810205E+001
1.9166666667E+001 3.7091945652E+001
1.9183333333E+001 3.7092080988E+001
1.9200000000E+001 3.7092216211E+001
1.9216666667E+001 3.7092351322E+001
1.9233333333E+001 3.7092486321E+001
1.9250000000E+001 3.7092621209E+001
1.9266666667E+001 3.7092755985E+001
1.9283333333E+001 3.7092890649E+001
1.9300000000E+001 3.7093025203E+001
1.9316666667E+001 3.7093159645E+001
1.9333333333E+001 3.7093293977E+001
1.9350000000E+001 3.7093428197E+001
1.9366666667E+001 3.7093562307E+001
1.9383333333E+001 3.7093696306E+001
1.9400000000E+001 3.7093830195E+001
1.9416666667E+001 3.7093963974E+001
1.9433333333E+001 3.7094097643E+001
1.9450000000E+001 3.7094231202E+001
1.9466666667E+001 3.7094364650E+001
1.9483333333E+001 3.7094497989E+001
1.9500000000E+001 3.7094631219E+001
1.9516666667E+001 3.7094764339E+001
1.9533333333E+001 3.7094897350E+001
1.9550000000E+001 3.7095030251E+001
1.9566666667E+001 3.7095163044E+001
1.9583333333E+001 3.7095295728E+001
1.9600000000E+001 3.7095428302E+001
1.9616666667E+001 3.7095560769E+001
1.9633333333E+001 3.7095693126E+001
1.9650000000E+001 3.7095825375E+001
1.9666666667E+001 3.7095957516E+001
1.9683333333E+001 3.7096089549E+001
1.9700000000E+001 3.7096221473E+001
1.9716666667E+001 3.7096353290E+001
1.9733333333E+001 3.7096484999E+001
1.9750000000E+001 3.7096616600E+001
1.9766666667E+001 3.7096748094E+001
1.9783333333E+001 3.7096879480E+001
1.9800000000E+001 3.7097010759E+001
1.9816666667E+001 3.7097141930E+001
1.9833333333E+001 3.7097272995E+001
1.9850000000E+001 3.7097403952E+001
1.9866666667E+001 3.7097534803E+001
1.9883333333E+001 3.7097665546E+001
1.9900000000E+001 3.7097796184E+001
1.9916666667E+001 3.7097926714E+001
1.9933333333E+001 3.7098057138E+001
1.9950000000E+001 3.7098187456E+001
1.9966666667E+001 3.7098317668E+001
1.9983333333E+001 3.7098447773E+001
2.0000000000E+001 3.7098577773E+001
