0.0000000000E+000 3.6800000000E+001
1.6666666667E-002 3.6802651271E+001
3.3333333333E-002 3.6805417751E+001
5.0000000000E-002 3.6808145779E+001
6.6666666667E-002 3.6810838887E+001
8.3333333333E-002 3.6813499862E+001
1.0000000000E-001 3.6816130899E+001
1.1666666667E-001 3.6818733760E+001
1.3333333333E-001 3.6821309870E+001
1.5000000000E-001 3.6823860401E+001
1.6666666667E-001 3.6826386323E+001
1.8333333333E-001 3.6828888446E+001
2.0000000000E-001 3.6831367453E+001
2.1666666667E-001 3.6833823923E+001
2.3333333333E-001 3.6836258347E+001
2.5000000000E-001 3.6838671143E+001
2.6666666667E-001 3.6841062670E+001
2.8333333333E-001 3.6843433242E+001
3.0000000000E-001 3.6845783129E+001
3.1666666667E-001 3.6848112569E+001
3.3333333333E-001 3.6850421773E+001
3.5000000000E-001 3.6852710928E+001
3.6666666667E-001 3.6854980201E+001
3.8333333333E-001 3.6857229743E+001
4.0000000000E-001 3.6859459691E+001
4.1666666667E-001 3.6861670173E+001
4.3333333333E-001 3.6863861310E+001
4.5000000000E-001 3.6866033217E+001
4.6666666667E-001 3.6868186003E+001
4.8333333333E-001 3.6870319771E+001
5.0000000000E-001 3.6872434621E+001
5.1666666667E-001 3.6874530647E+001
5.3333333333E-001 3.6876607942E+001
5.5000000000E-001 3.6878666595E+001
5.6666666667E-001 3.6880706695E+001
5.8333333333E-001 3.6882728326E+001
6.0000000000E-001 3.6884731576E+001
6.1666666667E-001 3.6886716528E+001
6.3333333333E-001 3.6888683266E+001
6.5000000000E-001 3.6890631875E+001
6.6666666667E-001 3.6892562439E+001
6.8333333333E-001 3.6894475044E+001
7.0000000000E-001 3.6896369777E+001
7.1666666667E-001 3.6898246727E+001
7.3333333333E-001 3.6900105984E+001
7.5000000000E-001 3.6901947641E+001
7.6666666667E-001 3.6903771791E+001
7.8333333333E-001 3.6905578529E+001
8.0000000000E-001 3.6907367954E+001
8.1666666667E-001 3.6909140163E+001
8.3333333333E-001 3.6910895259E+001
8.5000000000E-001 3.6912633344E+001
8.6666666667E-001 3.6914354521E+001
8.8333333333E-001 3.6916058898E+001
9.0000000000E-001 3.6917746582E+001
9.1666666667E-001 3.6919417683E+001
9.3333333333E-001 3.6921072311E+001
9.5000000000E-001 3.6922710579E+001
9.6666666667E-001 3.6924332602E+001
9.8333333333E-001 3.6925938494E+001
1.0000000000E+000 3.6927528372E+001
1.0166666667E+000 3.6929102356E+001
1.0333333333E+000 3.6930660563E+001
1.0500000000E+000 3.6932203115E+001
1.0666666667E+000 3.6933730134E+001
1.0833333333E+000 3.6935241742E+001
1.1000000000E+000 3.6936738063E+001
1.1166666667E+000 3.6938219221E+001
1.1333333333E+000 3.6939685343E+001
1.1500000000E+000 3.6941136555E+001
1.1666666667E+000 3.6942572983E+001
1.1833333333E+000 3.6943994756E+001
1.2000000000E+000 3.6945402001E+001
1.2166666667E+000 3.6946794849E+001
1.2333333333E+000 3.6948173428E+001
1.2500000000E+000 3.6949537868E+001
1.2666666667E+000 3.6950888299E+001
1.2833333333E+000 3.6952224853E+001
1.3000000000E+000 3.6953547659E+001
1.3166666667E+000 3.6954856850E+001
1.3333333333E+000 3.6956152555E+001
1.3500000000E+000 3.6957434907E+001
1.3666666667E+000 3.6958704036E+001
1.3833333333E+000 3.6959960075E+001
1.4000000000E+000 3.6961203155E+001
1.4166666667E+000 3.6962433406E+001
1.4333333333E+000 3.6963650960E+001
1.4500000000E+000 3.6964855948E+001
1.4666666667E+000 3.6966048500E+001
1.4833333333E+000 3.6967228748E+001
1.5000000000E+000 3.6968396822E+001
1.5166666667E+000 3.6969552850E+001
1.5333333333E+000 3.6970696964E+001
1.5500000000E+000 3.6971829291E+001
1.5666666667E+000 3.6972949961E+001
1.5833333333E+000 3.6974059102E+001
1.6000000000E+000 3.6975156842E+001
1.6166666667E+000 3.6976243308E+001
1.6333333333E+000 3.6977318626E+001
1.6500000000E+000 3.6978382923E+001
1.6666666667E+000 3.6979436324E+001
1.6833333333E+000 3.6980478955E+001
1.7000000000E+000 3.6981510938E+001
1.7166666667E+000 3.6982532399E+001
1.7333333333E+000 3.6983543459E+001
1.7500000000E+000 3.6984544241E+001
1.7666666667E+000 3.6985534867E+001
1.7833333333E+000 3.6986515456E+001
1.8000000000E+000 3.6987486129E+001
1.8166666667E+000 3.6988447005E+001
1.8333333333E+000 3.6989398202E+001
1.8500000000E+000 3.6990339838E+001
1.8666666667E+000 3.6991272029E+001
1.8833333333E+000 3.6992194891E+001
1.9000000000E+000 3.6993108538E+001
1.9166666667E+000 3.6994013086E+001
1.9333333333E+000 3.6994908647E+001
1.9500000000E+000 3.6995795333E+001
1.9666666667E+000 3.6996673256E+001
1.9833333333E+000 3.6997542527E+001
2.0000000000E+000 3.6998403254E+001
2.0166666667E+000 3.6999255546E+001
2.0333333333E+000 3.7000099512E+001
2.0500000000E+000 3.7000935257E+001
2.0666666667E+000 3.7001762888E+001
2.0833333333E+000 3.7002582509E+001
2.1000000000E+000 3.7003394225E+001
2.1166666667E+000 3.7004198138E+001
2.1333333333E+000 3.7004994351E+001
2.1500000000E+000 3.7005782963E+001
2.1666666667E+000 3.7006564076E+001
2.1833333333E+000 3.7007337789E+001
2.2000000000E+000 3.7008104199E+001
2.2166666667E+000 3.7008863404E+001
2.2333333333E+000 3.7009615500E+001
2.2500000000E+000 3.7010360582E+001
2.2666666667E+000 3.7011098744E+001
2.2833333333E+000 3.7011830080E+001
2.3000000000E+000 3.7012554681E+001
2.3166666667E+000 3.7013272640E+001
2.3333333333E+000 3.7013984046E+001
2.3500000000E+000 3.7014688990E+001
2.3666666667E+000 3.7015387559E+001
2.3833333333E+000 3.7016079840E+001
2.4000000000E+000 3.7016765921E+001
2.4166666667E+000 3.7017445887E+001
2.4333333333E+000 3.7018119822E+001
2.4500000000E+000 3.7018787811E+001
2.4666666667E+000 3.7019449935E+001
2.4833333333E+000 3.7020106277E+001
2.5000000000E+000 3.7020756918E+001
2.5166666667E+000 3.7021401936E+001
2.5333333333E+000 3.7022041413E+001
2.5500000000E+000 3.7022675424E+001
2.5666666667E+000 3.7023304048E+001
2.5833333333E+000 3.7023927361E+001
2.6000000000E+000 3.7024545438E+001
2.6166666667E+000 3.7025158353E+001
2.6333333333E+000 3.7025766181E+001
2.6500000000E+000 3.7026368992E+001
2.6666666667E+000 3.7026966861E+001
2.6833333333E+000 3.7027559856E+001
2.7000000000E+000 3.7028148049E+001
2.7166666667E+000 3.7028731507E+001
2.7333333333E+000 3.7029310301E+001
2.7500000000E+000 3.7029884496E+001
2.7666666667E+000 3.7030454160E+001
2.7833333333E+000 3.7031019358E+001
2.8000000000E+000 3.7031580155E+001
2.8166666667E+000 3.7032136615E+001
2.8333333333E+000 3.7032688801E+001
2.8500000000E+000 3.7033236776E+001
2.8666666667E+000 3.7033780601E+001
2.8833333333E+000 3.7034320338E+001
2.9000000000E+000 3.7034856046E+001
2.9166666667E+000 3.7035387784E+001
2.9333333333E+000 3.7035915610E+001
2.9500000000E+000 3.7036439583E+001
2.9666666667E+000 3.7036959760E+001
2.9833333333E+000 3.7037476196E+001
3.0000000000E+000 3.7037988947E+001
3.0166666667E+000 3.7038498067E+001
3.0333333333E+000 3.7039003610E+001
3.0500000000E+000 3.7039505631E+001
3.0666666667E+000 3.7040004180E+001
3.0833333333E+000 3.7040499309E+001
3.1000000000E+000 3.7040991071E+001
3.1166666667E+000 3.7041479514E+001
3.1333333333E+000 3.7041964689E+001
3.1500000000E+000 3.7042446645E+001
3.1666666667E+000 3.7042925430E+001
3.1833333333E+000 3.7043401090E+001
3.2000000000E+000 3.7043873674E+001
3.2166666667E+000 3.7044343228E+001
3.2333333333E+000 3.7044809797E+001
3.2500000000E+000 3.7045273426E+001
3.2666666667E+000 3.7045734159E+001
3.2833333333E+000 3.7046192040E+001
3.3000000000E+000 3.7046647112E+001
3.3166666667E+000 3.7047099418E+001
3.3333333333E+000 3.7047548999E+001
3.3500000000E+000 3.7047995897E+001
3.3666666667E+000 3.7048440152E+001
3.3833333333E+000 3.7048881804E+001
3.4000000000E+000 3.7049320893E+001
3.4166666667E+000 3.7049757457E+001
3.4333333333E+000 3.7050191536E+001
3.4500000000E+000 3.7050623165E+001
3.4666666667E+000 3.7051052384E+001
3.4833333333E+000 3.7051479228E+001
3.5000000000E+000 3.7051903733E+001
3.5166666667E+000 3.7052325935E+001
3.5333333333E+000 3.7052745870E+001
3.5500000000E+000 3.7053163571E+001
3.5666666667E+000 3.7053579072E+001
3.5833333333E+000 3.7053992407E+001
3.6000000000E+000 3.7054403610E+001
3.6166666667E+000 3.7054812711E+001
3.6333333333E+000 3.7055219744E+001
3.6500000000E+000 3.7055624740E+001
3.6666666667E+000 3.7056027729E+001
3.6833333333E+000 3.7056428743E+001
3.7000000000E+000 3.7056827812E+001
3.7166666667E+000 3.7057224964E+001
3.7333333333E+000 3.7057620230E+001
3.7500000000E+000 3.7058013637E+001
3.7666666667E+000 3.7058405214E+001
3.7833333333E+000 3.7058794989E+001
3.8000000000E+000 3.7059182990E+001
3.8166666667E+000 3.7059569242E+001
3.8333333333E+000 3.7059953774E+001
3.8500000000E+000 3.7060336610E+001
3.8666666667E+000 3.7060717776E+001
3.8833333333E+000 3.7061097298E+001
3.9000000000E+000 3.7061475201E+001
3.9166666667E+000 3.7061851509E+001
3.9333333333E+000 3.7062226247E+001
3.9500000000E+000 3.7062599437E+001
3.9666666667E+000 3.7062971103E+001
3.9833333333E+000 3.7063341269E+001
4.0000000000E+000 3.7063709957E+001
4.0166666667E+000 3.7064077188E+001
4.0333333333E+000 3.7064442986E+001
4.0500000000E+000 3.7064807371E+001
4.0666666667E+000 3.7065170364E+001
4.0833333333E+000 3.7065531987E+001
4.1000000000E+000 3.7065892260E+001
4.1166666667E+000 3.7066251203E+001
4.1333333333E+000 3.7066608836E+001
4.1500000000E+000 3.7066965178E+001
4.1666666667E+000 3.7067320249E+001
4.1833333333E+000 3.7067674067E+001
4.2000000000E+000 3.7068026650E+001
4.2166666667E+000 3.7068378018E+001
4.2333333333E+000 3.7068728189E+001
4.2500000000E+000 3.7069077178E+001
4.2666666667E+000 3.7069425005E+001
4.2833333333E+000 3.7069771686E+001
4.3000000000E+000 3.7070117237E+001
4.3166666667E+000 3.7070461676E+001
4.3333333333E+000 3.7070805019E+001
4.3500000000E+000 3.7071147281E+001
4.3666666667E+000 3.7071488477E+001
4.3833333333E+000 3.7071828625E+001
4.4000000000E+000 3.7072167737E+001
4.4166666667E+000 3.7072505831E+001
4.4333333333E+000 3.7072842919E+001
4.4500000000E+000 3.7073179016E+001
4.4666666667E+000 3.7073514137E+001
4.4833333333E+000 3.7073848296E+001
4.5000000000E+000 3.7074181505E+001
4.5166666667E+000 3.7074513779E+001
4.5333333333E+000 3.7074845130E+001
4.5500000000E+000 3.7075175572E+001
4.5666666667E+000 3.7075505116E+001
4.5833333333E+000 3.7075833777E+001
4.6000000000E+000 3.7076161565E+001
4.6166666667E+000 3.7076488493E+001
4.6333333333E+000 3.7076814573E+001
4.6500000000E+000 3.7077139816E+001
4.6666666667E+000 3.7077464234E+001
4.6833333333E+000 3.7077787838E+001
4.7000000000E+000 3.7078110638E+001
4.7166666667E+000 3.7078432647E+001
4.7333333333E+000 3.7078753874E+001
4.7500000000E+000 3.7079074330E+001
4.7666666667E+000 3.7079394025E+001
4.7833333333E+000 3.7079712969E+001
4.8000000000E+000 3.7080031171E+001
4.8166666667E+000 3.7080348643E+001
4.8333333333E+000 3.7080665393E+001
4.8500000000E+000 3.7080981430E+001
4.8666666667E+000 3.7081296764E+001
4.8833333333E+000 3.7081611403E+001
4.9000000000E+000 3.7081925357E+001
4.9166666667E+000 3.7082238635E+001
4.9333333333E+000 3.7082551243E+001
4.9500000000E+000 3.7082863192E+001
4.9666666667E+000 3.7083174489E+001
4.9833333333E+000 3.7083485143E+001
5.0000000000E+000 3.7083795160E+001
5.0166666667E+000 3.7084104550E+001
5.0333333333E+000 3.7084413318E+001
5.0500000000E+000 3.7084721474E+001
5.0666666667E+000 3.7085029024E+001
5.0833333333E+000 3.7085335976E+001
5.1000000000E+000 3.7085642336E+001
5.1166666667E+000 3.7085948111E+001
5.1333333333E+000 3.7086253308E+001
5.1500000000E+000 3.7086557934E+001
5.1666666667E+000 3.7086861995E+001
5.1833333333E+000 3.7087165498E+001
5.2000000000E+000 3.7087468449E+001
5.2166666667E+000 3.7087770854E+001
5.2333333333E+000 3.7088072719E+001
5.2500000000E+000 3.7088374050E+001
5.2666666667E+000 3.7088674852E+001
5.2833333333E+000 3.7088975132E+001
5.3000000000E+000 3.7089274895E+001
5.3166666667E+000 3.7089574146E+001
5.3333333333E+000 3.7089872891E+001
5.3500000000E+000 3.7090171134E+001
5.3666666667E+000 3.7090468882E+001
5.3833333333E+000 3.7090766139E+001
5.4000000000E+000 3.7091062910E+001
5.4166666667E+000 3.7091359200E+001
5.4333333333E+000 3.7091655013E+001
5.4500000000E+000 3.7091950355E+001
5.4666666667E+000 3.7092245229E+001
5.4833333333E+000 3.7092539640E+001
5.5000000000E+000 3.7092833593E+001
5.5166666667E+000 3.7093127091E+001
5.5333333333E+000 3.7093420140E+001
5.5500000000E+000 3.7093712742E+001
5.5666666667E+000 3.7094004902E+001
5.5833333333E+000 3.7094296625E+001
5.6000000000E+000 3.7094587913E+001
5.6166666667E+000 3.7094878770E+001
5.6333333333E+000 3.7095169200E+001
5.6500000000E+000 3.7095459208E+001
5.6666666667E+000 3.7095748795E+001
5.6833333333E+000 3.7096037966E+001
5.7000000000E+000 3.7096326724E+001
5.7166666667E+000 3.7096615073E+001
5.7333333333E+000 3.7096903015E+001
5.7500000000E+000 3.7097190553E+001
5.7666666667E+000 3.7097477692E+001
5.7833333333E+000 3.7097764433E+001
5.8000000000E+000 3.7098050780E+001
5.8166666667E+000 3.7098336736E+001
5.8333333333E+000 3.7098622303E+001
5.8500000000E+000 3.7098907484E+001
5.8666666667E+000 3.7099192282E+001
5.8833333333E+000 3.7099476699E+001
5.9000000000E+000 3.7099760739E+001
5.9166666667E+000 3.7100044403E+001
5.9333333333E+000 3.7100327694E+001
5.9500000000E+000 3.7100610614E+001
5.9666666667E+000 3.7100893167E+001
5.9833333333E+000 3.7101175353E+001
6.0000000000E+000 3.7101457176E+001
6.0166666667E+000 3.7101738637E+001
6.0333333333E+000 3.7102019738E+001
6.0500000000E+000 3.7102300483E+001
6.0666666667E+000 3.7102580872E+001
6.0833333333E+000 3.7102860908E+001
6.1000000000E+000 3.7103140592E+001
6.1166666667E+000 3.7103419927E+001
6.1333333333E+000 3.7103698914E+001
6.1500000000E+000 3.7103977556E+001
6.1666666667E+000 3.7104255853E+001
6.1833333333E+000 3.7104533808E+001
6.2000000000E+000 3.7104811423E+001
6.2166666667E+000 3.7105088698E+001
6.2333333333E+000 3.7105365635E+001
6.2500000000E+000 3.7105642237E+001
6.2666666667E+000 3.7105918504E+001
6.2833333333E+000 3.7106194439E+001
6.3000000000E+000 3.7106470042E+001
6.3166666667E+000 3.7106745314E+001
6.3333333333E+000 3.7107020258E+001
6.3500000000E+000 3.7107294874E+001
6.3666666667E+000 3.7107569165E+001
6.3833333333E+000 3.7107843130E+001
6.4000000000E+000 3.7108116771E+001
6.4166666667E+000 3.7108390090E+001
6.4333333333E+000 3.7108663088E+001
6.4500000000E+000 3.7108935766E+001
6.4666666667E+000 3.7109208124E+001
6.4833333333E+000 3.7109480164E+001
6.5000000000E+000 3.7109751887E+001
6.5166666667E+000 3.7110023294E+001
6.5333333333E+000 3.7110294386E+001
6.5500000000E+000 3.7110565164E+001
6.5666666667E+000 3.7110835629E+001
6.5833333333E+000 3.7111105781E+001
6.6000000000E+000 3.7111375622E+001
6.6166666667E+000 3.7111645153E+001
6.6333333333E+000 3.7111914373E+001
6.6500000000E+000 3.7112183285E+001
6.6666666667E+000 3.7112451888E+001
6.6833333333E+000 3.7112720184E+001
6.7000000000E+000 3.7112988174E+001
6.7166666667E+000 3.7113255857E+001
6.7333333333E+000 3.7113523235E+001
6.7500000000E+000 3.7113790308E+001
6.7666666667E+000 3.7114057077E+001
6.7833333333E+000 3.7114323543E+001
6.8000000000E+000 3.7114589706E+001
6.8166666667E+000 3.7114855567E+001
6.8333333333E+000 3.7115121126E+001
6.8500000000E+000 3.7115386384E+001
6.8666666667E+000 3.7115651341E+001
6.8833333333E+000 3.7115915998E+001
6.9000000000E+000 3.7116180356E+001
6.9166666667E+000 3.7116444414E+001
6.9333333333E+000 3.7116708174E+001
6.9500000000E+000 3.7116971635E+001
6.9666666667E+000 3.7117234799E+001
6.9833333333E+000 3.7117497665E+001
7.0000000000E+000 3.7117760235E+001
7.0166666667E+000 3.7118022507E+001
7.0333333333E+000 3.7118284484E+001
7.0500000000E+000 3.7118546164E+001
7.0666666667E+000 3.7118807549E+001
7.0833333333E+000 3.7119068639E+001
7.1000000000E+000 3.7119329434E+001
7.1166666667E+000 3.7119589934E+001
7.1333333333E+000 3.7119850139E+001
7.1500000000E+000 3.7120110051E+001
7.1666666667E+000 3.7120369669E+001
7.1833333333E+000 3.7120628993E+001
7.2000000000E+000 3.7120888024E+001
7.2166666667E+000 3.7121146762E+001
7.2333333333E+000 3.7121405207E+001
7.2500000000E+000 3.7121663360E+001
7.2666666667E+000 3.7121921220E+001
7.2833333333E+000 3.7122178787E+001
7.3000000000E+000 3.7122436063E+001
7.3166666667E+000 3.7122693047E+001
7.3333333333E+000 3.7122949739E+001
7.3500000000E+000 3.7123206139E+001
7.3666666667E+000 3.7123462248E+001
7.3833333333E+000 3.7123718066E+001
7.4000000000E+000 3.7123973592E+001
7.4166666667E+000 3.7124228828E+001
7.4333333333E+000 3.7124483773E+001
7.4500000000E+000 3.7124738426E+001
7.4666666667E+000 3.7124992789E+001
7.4833333333E+000 3.7125246862E+001
7.5000000000E+000 3.7125500644E+001
7.5166666667E+000 3.7125754135E+001
7.5333333333E+000 3.7126007337E+001
7.5500000000E+000 3.7126260248E+001
7.5666666667E+000 3.7126512868E+001
7.5833333333E+000 3.7126765199E+001
7.6000000000E+000 3.7127017239E+001
7.6166666667E+000 3.7127268990E+001
7.6333333333E+000 3.7127520450E+001
7.6500000000E+000 3.7127771621E+001
7.6666666667E+000 3.7128022501E+001
7.6833333333E+000 3.7128273092E+001
7.7000000000E+000 3.7128523392E+001
7.7166666667E+000 3.7128773403E+001
7.7333333333E+000 3.7129023124E+001
7.7500000000E+000 3.7129272556E+001
7.7666666667E+000 3.7129521697E+001
7.7833333333E+000 3.7129770549E+001
7.8000000000E+000 3.7130019111E+001
7.8166666667E+000 3.7130267383E+001
7.8333333333E+000 3.7130515366E+001
7.8500000000E+000 3.7130763058E+001
7.8666666667E+000 3.7131010461E+001
7.8833333333E+000 3.7131257574E+001
7.9000000000E+000 3.7131504397E+001
7.9166666667E+000 3.7131750931E+001
7.9333333333E+000 3.7131997174E+001
7.9500000000E+000 3.7132243128E+001
7.9666666667E+000 3.7132488792E+001
7.9833333333E+000 3.7132734166E+001
8.0000000000E+000 3.7132979250E+001
8.0166666667E+000 3.7133224044E+001
8.0333333333E+000 3.7133468549E+001
8.0500000000E+000 3.7133712763E+001
8.0666666667E+000 3.7133956687E+001
8.0833333333E+000 3.7134200321E+001
8.1000000000E+000 3.7134443665E+001
8.1166666667E+000 3.7134686719E+001
8.1333333333E+000 3.7134929483E+001
8.1500000000E+000 3.7135171957E+001
8.1666666667E+000 3.7135414140E+001
8.1833333333E+000 3.7135656033E+001
8.2000000000E+000 3.7135897636E+001
8.2166666667E+000 3.7136138949E+001
8.2333333333E+000 3.7136379971E+001
8.2500000000E+000 3.7136620703E+001
8.2666666667E+000 3.7136861144E+001
8.2833333333E+000 3.7137101295E+001
8.3000000000E+000 3.7137341155E+001
8.3166666667E+000 3.7137580725E+001
8.3333333333E+000 3.7137820004E+001
8.3500000000E+000 3.7138058993E+001
8.3666666667E+000 3.7138297691E+001
8.3833333333E+000 3.7138536098E+001
8.4000000000E+000 3.7138774214E+001
8.4166666667E+000 3.7139012040E+001
8.4333333333E+000 3.7139249575E+001
8.4500000000E+000 3.7139486819E+001
8.4666666667E+000 3.7139723772E+001
8.4833333333E+000 3.7139960435E+001
8.5000000000E+000 3.7140196806E+001
8.5166666667E+000 3.7140432886E+001
8.5333333333E+000 3.7140668676E+001
8.5500000000E+000 3.7140904174E+001
8.5666666667E+000 3.7141139381E+001
8.5833333333E+000 3.7141374297E+001
8.6000000000E+000 3.7141608922E+001
8.6166666667E+000 3.7141843256E+001
8.6333333333E+000 3.7142077298E+001
8.6500000000E+000 3.7142311050E+001
8.6666666667E+000 3.7142544510E+001
8.6833333333E+000 3.7142777679E+001
8.7000000000E+000 3.7143010556E+001
8.7166666667E+000 3.7143243143E+001
8.7333333333E+000 3.7143475437E+001
8.7500000000E+000 3.7143707441E+001
8.7666666667E+000 3.7143939153E+001
8.7833333333E+000 3.7144170574E+001
8.8000000000E+000 3.7144401703E+001
8.8166666667E+000 3.7144632541E+001
8.8333333333E+000 3.7144863088E+001
8.8500000000E+000 3.7145093343E+001
8.8666666667E+000 3.7145323307E+001
8.8833333333E+000 3.7145552979E+001
8.9000000000E+000 3.7145782360E+001
8.9166666667E+000 3.7146011449E+001
8.9333333333E+000 3.7146240247E+001
8.9500000000E+000 3.7146468754E+001
8.9666666667E+000 3.7146696969E+001
8.9833333333E+000 3.7146924892E+001
9.0000000000E+000 3.7147152524E+001
9.0166666667E+000 3.7147379865E+001
9.0333333333E+000 3.7147606914E+001
9.0500000000E+000 3.7147833672E+001
9.0666666667E+000 3.7148060138E+001
9.0833333333E+000 3.7148286313E+001
9.1000000000E+000 3.7148512196E+001
9.1166666667E+000 3.7148737789E+001
9.1333333333E+000 3.7148963089E+001
9.1500000000E+000 3.7149188099E+001
9.1666666667E+000 3.7149412817E+001
9.1833333333E+000 3.7149637244E+001
9.2000000000E+000 3.7149861379E+001
9.2166666667E+000 3.7150085224E+001
9.2333333333E+000 3.7150308777E+001
9.2500000000E+000 3.7150532039E+001
9.2666666667E+000 3.7150755010E+001
9.2833333333E+000 3.7150977689E+001
9.3000000000E+000 3.7151200078E+001
9.3166666667E+000 3.7151422176E+001
9.3333333333E+000 3.7151643982E+001
9.3500000000E+000 3.7151865498E+001
9.3666666667E+000 3.7152086723E+001
9.3833333333E+000 3.7152307657E+001
9.4000000000E+000 3.7152528300E+001
9.4166666667E+000 3.7152748652E+001
9.4333333333E+000 3.7152968714E+001
9.4500000000E+000 3.7153188485E+001
9.4666666667E+000 3.7153407966E+001
9.4833333333E+000 3.7153627155E+001
9.5000000000E+000 3.7153846055E+001
9.5166666667E+000 3.7154064664E+001
9.5333333333E+000 3.7154282983E+001
9.5500000000E+000 3.7154501011E+001
9.5666666667E+000 3.7154718750E+001
9.5833333333E+000 3.7154936198E+001
9.6000000000E+000 3.7155153356E+001
9.6166666667E+000 3.7155370224E+001
9.6333333333E+000 3.7155586802E+001
9.6500000000E+000 3.7155803091E+001
9.6666666667E+000 3.7156019089E+001
9.6833333333E+000 3.7156234798E+001
9.7000000000E+000 3.7156450218E+001
9.7166666667E+000 3.7156665348E+001
9.7333333333E+000 3.7156880188E+001
9.7500000000E+000 3.7157094739E+001
9.7666666667E+000 3.7157309001E+001
9.7833333333E+000 3.7157522974E+001
9.8000000000E+000 3.7157736658E+001
9.8166666667E+000 3.7157950053E+001
9.8333333333E+000 3.7158163159E+001
9.8500000000E+000 3.7158375977E+001
9.8666666667E+000 3.7158588505E+001
9.8833333333E+000 3.7158800746E+001
9.9000000000E+000 3.7159012698E+001
9.9166666667E+000 3.7159224361E+001
9.9333333333E+000 3.7159435737E+001
9.9500000000E+000 3.7159646824E+001
9.9666666667E+000 3.7159857623E+001
9.9833333333E+000 3.7160068135E+001
1.0000000000E+001 3.7160278359E+001
1.0016666667E+001 3.7160488295E+001
1.0033333333E+001 3.7160697944E+001
1.0050000000E+001 3.7160907306E+001
1.0066666667E+001 3.7161116380E+001
1.0083333333E+001 3.7161325167E+001
1.0100000000E+001 3.7161533667E+001
1.0116666667E+001 3.7161741881E+001
1.0133333333E+001 3.7161949808E+001
1.0150000000E+001 3.7162157448E+001
1.0166666667E+001 3.7162364802E+001
1.0183333333E+001 3.7162571869E+001
1.0200000000E+001 3.7162778651E+001
1.0216666667E+001 3.7162985146E+001
1.0233333333E+001 3.7163191356E+001
1.0250000000E+001 3.7163397280E+001
1.0266666667E+001 3.7163602919E+001
1.0283333333E+001 3.7163808272E+001
1.0300000000E+001 3.7164013340E+001
1.0316666667E+001 3.7164218122E+001
1.0333333333E+001 3.7164422620E+001
1.0350000000E+001 3.7164626833E+001
1.0366666667E+001 3.7164830762E+001
1.0383333333E+001 3.7165034406E+001
1.0400000000E+001 3.7165237766E+001
1.0416666667E+001 3.7165440842E+001
1.0433333333E+001 3.7165643633E+001
1.0450000000E+001 3.7165846141E+001
1.0466666667E+001 3.7166048366E+001
1.0483333333E+001 3.7166250307E+001
1.0500000000E+001 3.7166451964E+001
1.0516666667E+001 3.7166653339E+001
1.0533333333E+001 3.7166854431E+001
1.0550000000E+001 3.7167055240E+001
1.0566666667E+001 3.7167255766E+001
1.0583333333E+001 3.7167456010E+001
1.0600000000E+001 3.7167655972E+001
1.0616666667E+001 3.7167855652E+001
1.0633333333E+001 3.7168055050E+001
1.0650000000E+001 3.7168254166E+001
1.0666666667E+001 3.7168453001E+001
1.0683333333E+001 3.7168651555E+001
1.0700000000E+001 3.7168849828E+001
1.0716666667E+001 3.7169047820E+001
1.0733333333E+001 3.7169245531E+001
1.0750000000E+001 3.7169442961E+001
1.0766666667E+001 3.7169640112E+001
1.0783333333E+001 3.7169836982E+001
1.0800000000E+001 3.7170033573E+001
1.0816666667E+001 3.7170229883E+001
1.0833333333E+001 3.7170425915E+001
1.0850000000E+001 3.7170621667E+001
1.0866666667E+001 3.7170817140E+001
1.0883333333E+001 3.7171012334E+001
1.0900000000E+001 3.7171207249E+001
1.0916666667E+001 3.7171401886E+001
1.0933333333E+001 3.7171596245E+001
1.0950000000E+001 3.7171790326E+001
1.0966666667E+001 3.7171984129E+001
1.0983333333E+001 3.7172177654E+001
1.1000000000E+001 3.7172370902E+001
1.1016666667E+001 3.7172563873E+001
1.1033333333E+001 3.7172756567E+001
1.1050000000E+001 3.7172948984E+001
1.1066666667E+001 3.7173141125E+001
1.1083333333E+001 3.7173332989E+001
1.1100000000E+001 3.7173524578E+001
1.1116666667E+001 3.7173715890E+001
1.1133333333E+001 3.7173906927E+001
1.1150000000E+001 3.7174097689E+001
1.1166666667E+001 3.7174288175E+001
1.1183333333E+001 3.7174478387E+001
1.1200000000E+001 3.7174668324E+001
1.1216666667E+001 3.7174857986E+001
1.1233333333E+001 3.7175047375E+001
1.1250000000E+001 3.7175236489E+001
1.1266666667E+001 3.7175425330E+001
1.1283333333E+001 3.7175613897E+001
1.1300000000E+001 3.7175802191E+001
1.1316666667E+001 3.7175990211E+001
1.1333333333E+001 3.7176177959E+001
1.1350000000E+001 3.7176365435E+001
1.1366666667E+001 3.7176552638E+001
1.1383333333E+001 3.7176739569E+001
1.1400000000E+001 3.7176926229E+001
1.1416666667E+001 3.7177112616E+001
1.1433333333E+001 3.7177298733E+001
1.1450000000E+001 3.7177484578E+001
1.1466666667E+001 3.7177670153E+001
1.1483333333E+001 3.7177855457E+001
1.1500000000E+001 3.7178040490E+001
1.1516666667E+001 3.7178225254E+001
1.1533333333E+001 3.7178409748E+001
1.1550000000E+001 3.7178593972E+001
1.1566666667E+001 3.7178777927E+001
1.1583333333E+001 3.7178961612E+001
1.1600000000E+001 3.7179145029E+001
1.1616666667E+001 3.7179328178E+001
1.1633333333E+001 3.7179511058E+001
1.1650000000E+001 3.7179693670E+001
1.1666666667E+001 3.7179876014E+001
1.1683333333E+001 3.7180058091E+001
1.1700000000E+001 3.7180239901E+001
1.1716666667E+001 3.7180421443E+001
1.1733333333E+001 3.7180602719E+001
1.1750000000E+001 3.7180783729E+001
1.1766666667E+001 3.7180964472E+001
1.1783333333E+001 3.7181144949E+001
1.1800000000E+001 3.7181325161E+001
1.1816666667E+001 3.7181505107E+001
1.1833333333E+001 3.7181684788E+001
1.1850000000E+001 3.7181864204E+001
1.1866666667E+001 3.7182043356E+001
1.1883333333E+001 3.7182222243E+001
1.1900000000E+001 3.7182400866E+001
1.1916666667E+001 3.7182579226E+001
1.1933333333E+001 3.7182757321E+001
1.1950000000E+001 3.7182935154E+001
1.1966666667E+001 3.7183112724E+001
1.1983333333E+001 3.7183290031E+001
1.2000000000E+001 3.7183467075E+001
1.2016666667E+001 3.7183643858E+001
1.2033333333E+001 3.7183820378E+001
1.2050000000E+001 3.7183996637E+001
1.2066666667E+001 3.7184172635E+001
1.2083333333E+001 3.7184348371E+001
1.2100000000E+001 3.7184523847E+001
1.2116666667E+001 3.7184699062E+001
1.2133333333E+001 3.7184874017E+001
1.2150000000E+001 3.7185048712E+001
1.2166666667E+001 3.7185223148E+001
1.2183333333E+001 3.7185397324E+001
1.2200000000E+001 3.7185571241E+001
1.2216666667E+001 3.7185744899E+001
1.2233333333E+001 3.7185918299E+001
1.2250000000E+001 3.7186091441E+001
1.2266666667E+001 3.7186264324E+001
1.2283333333E+001 3.7186436950E+001
1.2300000000E+001 3.7186609319E+001
1.2316666667E+001 3.7186781430E+001
1.2333333333E+001 3.7186953285E+001
1.2350000000E+001 3.7187124883E+001
1.2366666667E+001 3.7187296225E+001
1.2383333333E+001 3.7187467311E+001
1.2400000000E+001 3.7187638141E+001
1.2416666667E+001 3.7187808716E+001
1.2433333333E+001 3.7187979035E+001
1.2450000000E+001 3.7188149100E+001
1.2466666667E+001 3.7188318911E+001
1.2483333333E+001 3.7188488467E+001
1.2500000000E+001 3.7188657770E+001
1.2516666667E+001 3.7188826818E+001
1.2533333333E+001 3.7188995614E+001
1.2550000000E+001 3.7189164156E+001
1.2566666667E+001 3.7189332446E+001
1.2583333333E+001 3.7189500483E+001
1.2600000000E+001 3.7189668268E+001
1.2616666667E+001 3.7189835801E+001
1.2633333333E+001 3.7190003082E+001
1.2650000000E+001 3.7190170112E+001
1.2666666667E+001 3.7190336892E+001
1.2683333333E+001 3.7190503420E+001
1.2700000000E+001 3.7190669698E+001
1.2716666667E+001 3.7190835726E+001
1.2733333333E+001 3.7191001504E+001
1.2750000000E+001 3.7191167033E+001
1.2766666667E+001 3.7191332313E+001
1.2783333333E+001 3.7191497343E+001
1.2800000000E+001 3.7191662125E+001
1.2816666667E+001 3.7191826659E+001
1.2833333333E+001 3.7191990944E+001
1.2850000000E+001 3.7192154982E+001
1.2866666667E+001 3.7192318772E+001
1.2883333333E+001 3.7192482315E+001
1.2900000000E+001 3.7192645612E+001
1.2916666667E+001 3.7192808662E+001
1.2933333333E+001 3.7192971465E+001
1.2950000000E+001 3.7193134023E+001
1.2966666667E+001 3.7193296335E+001
1.2983333333E+001 3.7193458402E+001
1.3000000000E+001 3.7193620223E+001
1.3016666667E+001 3.7193781800E+001
1.3033333333E+001 3.7193943133E+001
1.3050000000E+001 3.7194104221E+001
1.3066666667E+001 3.7194265066E+001
1.3083333333E+001 3.7194425667E+001
1.3100000000E+001 3.7194586024E+001
1.3116666667E+001 3.7194746139E+001
1.3133333333E+001 3.7194906011E+001
1.3150000000E+001 3.7195065641E+001
1.3166666667E+001 3.7195225029E+001
1.3183333333E+001 3.7195384175E+001
1.3200000000E+001 3.7195543080E+001
1.3216666667E+001 3.7195701743E+001
1.3233333333E+001 3.7195860166E+001
1.3250000000E+001 3.7196018348E+001
1.3266666667E+001 3.7196176291E+001
1.3283333333E+001 3.7196333993E+001
1.3300000000E+001 3.7196491455E+001
1.3316666667E+001 3.7196648678E+001
1.3333333333E+001 3.7196805663E+001
1.3350000000E+001 3.7196962408E+001
1.3366666667E+001 3.7197118915E+001
1.3383333333E+001 3.7197275185E+001
1.3400000000E+001 3.7197431216E+001
1.3416666667E+001 3.7197587010E+001
1.3433333333E+001 3.7197742567E+001
1.3450000000E+001 3.7197897886E+001
1.3466666667E+001 3.7198052970E+001
1.3483333333E+001 3.7198207817E+001
1.3500000000E+001 3.7198362428E+001
1.3516666667E+001 3.7198516803E+001
1.3533333333E+001 3.7198670943E+001
1.3550000000E+001 3.7198824848E+001
1.3566666667E+001 3.7198978519E+001
1.3583333333E+001 3.7199131955E+001
1.3600000000E+001 3.7199285156E+001
1.3616666667E+001 3.7199438124E+001
1.3633333333E+001 3.7199590859E+001
1.3650000000E+001 3.7199743360E+001
1.3666666667E+001 3.7199895628E+001
1.3683333333E+001 3.7200047664E+001
1.3700000000E+001 3.7200199468E+001
1.3716666667E+001 3.7200351039E+001
1.3733333333E+001 3.7200502379E+001
1.3750000000E+001 3.7200653488E+001
1.3766666667E+001 3.7200804365E+001
1.3783333333E+001 3.7200955012E+001
1.3800000000E+001 3.7201105428E+001
1.3816666667E+001 3.7201255614E+001
1.3833333333E+001 3.7201405570E+001
1.3850000000E+001 3.7201555297E+001
1.3866666667E+001 3.7201704794E+001
1.3883333333E+001 3.7201854063E+001
1.3900000000E+001 3.7202003103E+001
1.3916666667E+001 3.7202151914E+001
1.3933333333E+001 3.7202300498E+001
1.3950000000E+001 3.7202448854E+001
1.3966666667E+001 3.7202596982E+001
1.3983333333E+001 3.7202744883E+001
1.4000000000E+001 3.7202892558E+001
1.4016666667E+001 3.7203040006E+001
1.4033333333E+001 3.7203187228E+001
1.4050000000E+001 3.7203334224E+001
1.4066666667E+001 3.7203480995E+001
1.4083333333E+001 3.7203627540E+001
1.4100000000E+001 3.7203773860E+001
1.4116666667E+001 3.7203919956E+001
1.4133333333E+001 3.7204065827E+001
1.4150000000E+001 3.7204211474E+001
1.4166666667E+001 3.7204356897E+001
1.4183333333E+001 3.7204502097E+001
1.4200000000E+001 3.7204647074E+001
1.4216666667E+001 3.7204791828E+001
1.4233333333E+001 3.7204936360E+001
1.4250000000E+001 3.7205080669E+001
1.4266666667E+001 3.7205224757E+001
1.4283333333E+001 3.7205368622E+001
1.4300000000E+001 3.7205512267E+001
1.4316666667E+001 3.7205655690E+001
1.4333333333E+001 3.7205798893E+001
1.4350000000E+001 3.7205941876E+001
1.4366666667E+001 3.7206084638E+001
1.4383333333E+001 3.7206227180E+001
1.4400000000E+001 3.7206369503E+001
1.4416666667E+001 3.7206511607E+001
1.4433333333E+001 3.7206653492E+001
1.4450000000E+001 3.7206795158E+001
1.4466666667E+001 3.7206936607E+001
1.4483333333E+001 3.7207077837E+001
1.4500000000E+001 3.7207218849E+001
1.4516666667E+001 3.7207359644E+001
1.4533333333E+001 3.7207500222E+001
1.4550000000E+001 3.7207640584E+001
1.4566666667E+001 3.7207780728E+001
1.4583333333E+001 3.7207920657E+001
1.4600000000E+001 3.7208060370E+001
1.4616666667E+001 3.7208199867E+001
1.4633333333E+001 3.7208339149E+001
1.4650000000E+001 3.7208478216E+001
1.4666666667E+001 3.7208617068E+001
1.4683333333E+001 3.7208755706E+001
1.4700000000E+001 3.7208894130E+001
1.4716666667E+001 3.7209032340E+001
1.4733333333E+001 3.7209170337E+001
1.4750000000E+001 3.7209308121E+001
1.4766666667E+001 3.7209445691E+001
1.4783333333E+001 3.7209583050E+001
1.4800000000E+001 3.7209720196E+001
1.4816666667E+001 3.7209857130E+001
1.4833333333E+001 3.7209993852E+001
1.4850000000E+001 3.7210130363E+001
1.4866666667E+001 3.7210266663E+001
1.4883333333E+001 3.7210402752E+001
1.4900000000E+001 3.7210538631E+001
1.4916666667E+001 3.7210674299E+001
1.4933333333E+001 3.7210809758E+001
1.4950000000E+001 3.7210945007E+001
1.4966666667E+001 3.7211080047E+001
1.4983333333E+001 3.7211214878E+001
1.5000000000E+001 3.7211349500E+001
1.5016666667E+001 3.7211483914E+001
1.5033333333E+001 3.7211618120E+001
1.5050000000E+001 3.7211752118E+001
1.5066666667E+001 3.7211885908E+001
1.5083333333E+001 3.7212019492E+001
1.5100000000E+001 3.7212152868E+001
1.5116666667E+001 3.7212286038E+001
1.5133333333E+001 3.7212419001E+001
1.5150000000E+001 3.7212551759E+001
1.5166666667E+001 3.7212684311E+001
1.5183333333E+001 3.7212816657E+001
1.5200000000E+001 3.7212948798E+001
1.5216666667E+001 3.7213080735E+001
1.5233333333E+001 3.7213212467E+001
1.5250000000E+001 3.7213343995E+001
1.5266666667E+001 3.7213475318E+001
1.5283333333E+001 3.7213606439E+001
1.5300000000E+001 3.7213737355E+001
1.5316666667E+001 3.7213868069E+001
1.5333333333E+001 3.7213998580E+001
1.5350000000E+001 3.7214128888E+001
1.5366666667E+001 3.7214258995E+001
1.5383333333E+001 3.7214388899E+001
1.5400000000E+001 3.7214518602E+001
1.5416666667E+001 3.7214648103E+001
1.5433333333E+001 3.7214777404E+001
1.5450000000E+001 3.7214906504E+001
1.5466666667E+001 3.7215035403E+001
1.5483333333E+001 3.7215164102E+001
1.5500000000E+001 3.7215292602E+001
1.5516666667E+001 3.7215420901E+001
1.5533333333E+001 3.7215549002E+001
1.5550000000E+001 3.7215676903E+001
1.5566666667E+001 3.7215804606E+001
1.5583333333E+001 3.7215932111E+001
1.5600000000E+001 3.7216059417E+001
1.5616666667E+001 3.7216186526E+001
1.5633333333E+001 3.7216313437E+001
1.5650000000E+001 3.7216440150E+001
1.5666666667E+001 3.7216566667E+001
1.5683333333E+001 3.7216692987E+001
1.5700000000E+001 3.7216819111E+001
1.5716666667E+001 3.7216945039E+001
1.5733333333E+001 3.7217070770E+001
1.5750000000E+001 3.7217196307E+001
1.5766666667E+001 3.7217321648E+001
1.5783333333E+001 3.7217446794E+001
1.5800000000E+001 3.7217571884E+001
1.5816666667E+001 3.7217697035E+001
1.5833333333E+001 3.7217822241E+001
1.5850000000E+001 3.7217947496E+001
1.5866666667E+001 3.7218072792E+001
1.5883333333E+001 3.7218198124E+001
1.5900000000E+001 3.7218323486E+001
1.5916666667E+001 3.7218448871E+001
1.5933333333E+001 3.7218574275E+001
1.5950000000E+001 3.7218700108E+001
1.5966666667E+001 3.7218826645E+001
1.5983333333E+001 3.7218953867E+001
1.6000000000E+001 3.7219081758E+001
1.6016666667E+001 3.7219210301E+001
1.6033333333E+001 3.7219339480E+001
1.6050000000E+001 3.7219469279E+001
1.6066666667E+001 3.7219599682E+001
1.6083333333E+001 3.7219730675E+001
1.6100000000E+001 3.7219862241E+001
1.6116666667E+001 3.7219994367E+001
1.6133333333E+001 3.7220127039E+001
1.6150000000E+001 3.7220260241E+001
1.6166666667E+001 3.7220393960E+001
1.6183333333E+001 3.7220528184E+001
1.6200000000E+001 3.7220662898E+001
1.6216666667E+001 3.7220798091E+001
1.6233333333E+001 3.7220933748E+001
1.6250000000E+001 3.7221069858E+001
1.6266666667E+001 3.7221206409E+001
1.6283333333E+001 3.7221343389E+001
1.6300000000E+001 3.7221480786E+001
1.6316666667E+001 3.7221618590E+001
1.6333333333E+001 3.7221756788E+001
1.6350000000E+001 3.7221895370E+001
1.6366666667E+001 3.7222034326E+001
1.6383333333E+001 3.7222173644E+001
1.6400000000E+001 3.7222313315E+001
1.6416666667E+001 3.7222453329E+001
1.6433333333E+001 3.7222593676E+001
1.6450000000E+001 3.7222734346E+001
1.6466666667E+001 3.7222875331E+001
1.6483333333E+001 3.7223016620E+001
1.6500000000E+001 3.7223158205E+001
1.6516666667E+001 3.7223300077E+001
1.6533333333E+001 3.7223442227E+001
1.6550000000E+001 3.7223584648E+001
1.6566666667E+001 3.7223727330E+001
1.6583333333E+001 3.7223870266E+001
1.6600000000E+001 3.7224013448E+001
1.6616666667E+001 3.7224156868E+001
1.6633333333E+001 3.7224300518E+001
1.6650000000E+001 3.7224444392E+001
1.6666666667E+001 3.7224588481E+001
1.6683333333E+001 3.7224732780E+001
1.6700000000E+001 3.7224877280E+001
1.6716666667E+001 3.7225021975E+001
1.6733333333E+001 3.7225166858E+001
1.6750000000E+001 3.7225311923E+001
1.6766666667E+001 3.7225457164E+001
1.6783333333E+001 3.7225602573E+001
1.6800000000E+001 3.7225748146E+001
1.6816666667E+001 3.7225893876E+001
1.6833333333E+001 3.7226039757E+001
1.6850000000E+001 3.7226185784E+001
1.6866666667E+001 3.7226331951E+001
1.6883333333E+001 3.7226478252E+001
1.6900000000E+001 3.7226624682E+001
1.6916666667E+001 3.7226771236E+001
1.6933333333E+001 3.7226917908E+001
1.6950000000E+001 3.7227064694E+001
1.6966666667E+001 3.7227211589E+001
1.6983333333E+001 3.7227358587E+001
1.7000000000E+001 3.7227505685E+001
1.7016666667E+001 3.7227652877E+001
1.7033333333E+001 3.7227800159E+001
1.7050000000E+001 3.7227947527E+001
1.7066666667E+001 3.7228094975E+001
1.7083333333E+001 3.7228242501E+001
1.7100000000E+001 3.7228390100E+001
1.7116666667E+001 3.7228537767E+001
1.7133333333E+001 3.7228685499E+001
1.7150000000E+001 3.7228833292E+001
1.7166666667E+001 3.7228981142E+001
1.7183333333E+001 3.7229129045E+001
1.7200000000E+001 3.7229276998E+001
1.7216666667E+001 3.7229424997E+001
1.7233333333E+001 3.7229573039E+001
1.7250000000E+001 3.7229721120E+001
1.7266666667E+001 3.7229869237E+001
1.7283333333E+001 3.7230017387E+001
1.7300000000E+001 3.7230165566E+001
1.7316666667E+001 3.7230313771E+001
1.7333333333E+001 3.7230461999E+001
1.7350000000E+001 3.7230610248E+001
1.7366666667E+001 3.7230758514E+001
1.7383333333E+001 3.7230906794E+001
1.7400000000E+001 3.7231055086E+001
1.7416666667E+001 3.7231203387E+001
1.7433333333E+001 3.7231351693E+001
1.7450000000E+001 3.7231500004E+001
1.7466666667E+001 3.7231648315E+001
1.7483333333E+001 3.7231796625E+001
1.7500000000E+001 3.7231944931E+001
1.7516666667E+001 3.7232093230E+001
1.7533333333E+001 3.7232241521E+001
1.7550000000E+001 3.7232389800E+001
1.7566666667E+001 3.7232538066E+001
1.7583333333E+001 3.7232686317E+001
1.7600000000E+001 3.7232834550E+001
1.7616666667E+001 3.7232982763E+001
1.7633333333E+001 3.7233130954E+001
1.7650000000E+001 3.7233279121E+001
1.7666666667E+001 3.7233427263E+001
1.7683333333E+001 3.7233575376E+001
1.7700000000E+001 3.7233723460E+001
1.7716666667E+001 3.7233871512E+001
1.7733333333E+001 3.7234019531E+001
1.7750000000E+001 3.7234167514E+001
1.7766666667E+001 3.7234315461E+001
1.7783333333E+001 3.7234463370E+001
1.7800000000E+001 3.7234611238E+001
1.7816666667E+001 3.7234759064E+001
1.7833333333E+001 3.7234906846E+001
1.7850000000E+001 3.7235054584E+001
1.7866666667E+001 3.7235202276E+001
1.7883333333E+001 3.7235349919E+001
1.7900000000E+001 3.7235497513E+001
1.7916666667E+001 3.7235645056E+001
1.7933333333E+001 3.7235792547E+001
1.7950000000E+001 3.7235939984E+001
1.7966666667E+001 3.7236087367E+001
1.7983333333E+001 3.7236234693E+001
1.8000000000E+001 3.7236381962E+001
1.8016666667E+001 3.7236529172E+001
1.8033333333E+001 3.7236676322E+001
1.8050000000E+001 3.7236823411E+001
1.8066666667E+001 3.7236970438E+001
1.8083333333E+001 3.7237117402E+001
1.8100000000E+001 3.7237264301E+001
1.8116666667E+001 3.7237411135E+001
1.8133333333E+001 3.7237557902E+001
1.8150000000E+001 3.7237704602E+001
1.8166666667E+001 3.7237851233E+001
1.8183333333E+001 3.7237997794E+001
1.8200000000E+001 3.7238144285E+001
1.8216666667E+001 3.7238290704E+001
1.8233333333E+001 3.7238437051E+001
1.8250000000E+001 3.7238583325E+001
1.8266666667E+001 3.7238729524E+001
1.8283333333E+001 3.7238875649E+001
1.8300000000E+001 3.7239021697E+001
1.8316666667E+001 3.7239167669E+001
1.8333333333E+001 3.7239313563E+001
1.8350000000E+001 3.7239459380E+001
1.8366666667E+001 3.7239605117E+001
1.8383333333E+001 3.7239750774E+001
1.8400000000E+001 3.7239896351E+001
1.8416666667E+001 3.7240041847E+001
1.8433333333E+001 3.7240187261E+001
1.8450000000E+001 3.7240332592E+001
1.8466666667E+001 3.7240477840E+001
1.8483333333E+001 3.7240623004E+001
1.8500000000E+001 3.7240768084E+001
1.8516666667E+001 3.7240913079E+001
1.8533333333E+001 3.7241057988E+001
1.8550000000E+001 3.7241202811E+001
1.8566666667E+001 3.7241347547E+001
1.8583333333E+001 3.7241492195E+001
1.8600000000E+001 3.7241636756E+001
1.8616666667E+001 3.7241781228E+001
1.8633333333E+001 3.7241925611E+001
1.8650000000E+001 3.7242069905E+001
1.8666666667E+001 3.7242214109E+001
1.8683333333E+001 3.7242358222E+001
1.8700000000E+001 3.7242502244E+001
1.8716666667E+001 3.7242646175E+001
1.8733333333E+001 3.7242790014E+001
1.8750000000E+001 3.7242933761E+001
1.8766666667E+001 3.7243077415E+001
1.8783333333E+001 3.7243220977E+001
1.8800000000E+001 3.7243364444E+001
1.8816666667E+001 3.7243507818E+001
1.8833333333E+001 3.7243651098E+001
1.8850000000E+001 3.7243794283E+001
1.8866666667E+001 3.7243937373E+001
1.8883333333E+001 3.7244080367E+001
1.8900000000E+001 3.7244223266E+001
1.8916666667E+001 3.7244366069E+001
1.8933333333E+001 3.7244508776E+001
1.8950000000E+001 3.7244651386E+001
1.8966666667E+001 3.7244793899E+001
1.8983333333E+001 3.7244936315E+001
1.9000000000E+001 3.7245078633E+001
1.9016666667E+001 3.7245220854E+001
1.9033333333E+001 3.7245362976E+001
1.9050000000E+001 3.7245505000E+001
1.9066666667E+001 3.7245646926E+001
1.9083333333E+001 3.7245788752E+001
1.9100000000E+001 3.7245930479E+001
1.9116666667E+001 3.7246072107E+001
1.9133333333E+001 3.7246213636E+001
1.9150000000E+001 3.7246355065E+001
1.9166666667E+001 3.7246496393E+001
1.9183333333E+001 3.7246637622E+001
1.9200000000E+001 3.7246778749E+001
1.9216666667E+001 3.7246919777E+001
1.9233333333E+001 3.7247060703E+001
1.9250000000E+001 3.7247201529E+001
1.9266666667E+001 3.7247342253E+001
1.9283333333E+001 3.7247482875E+001
1.9300000000E+001 3.7247623397E+001
1.9316666667E+001 3.7247763816E+001
1.9333333333E+001 3.7247904134E+001
1.9350000000E+001 3.7248044349E+001
1.9366666667E+001 3.7248184463E+001
1.9383333333E+001 3.7248324474E+001
1.9400000000E+001 3.7248464383E+001
1.9416666667E+001 3.7248604189E+001
1.9433333333E+001 3.7248743892E+001
1.9450000000E+001 3.7248883492E+001
1.9466666667E+001 3.7249022990E+001
1.9483333333E+001 3.7249162384E+001
1.9500000000E+001 3.7249301675E+001
1.9516666667E+001 3.7249440863E+001
1.9533333333E+001 3.7249579947E+001
1.9550000000E+001 3.7249718928E+001
1.9566666667E+001 3.7249857805E+001
1.9583333333E+001 3.7249996579E+001
1.9600000000E+001 3.7250135249E+001
1.9616666667E+001 3.7250273814E+001
1.9633333333E+001 3.7250412276E+001
1.9650000000E+001 3.7250550634E+001
1.9666666667E+001 3.7250688888E+001
1.9683333333E+001 3.7250827037E+001
1.9700000000E+001 3.7250965082E+001
1.9716666667E+001 3.7251103023E+001
1.9733333333E+001 3.7251240860E+001
1.9750000000E+001 3.7251378592E+001
1.9766666667E+001 3.7251516219E+001
1.9783333333E+001 3.7251653742E+001
1.9800000000E+001 3.7251791161E+001
1.9816666667E+001 3.7251928474E+001
1.9833333333E+001 3.7252065683E+001
1.9850000000E+001 3.7252202788E+001
1.9866666667E+001 3.7252339787E+001
1.9883333333E+001 3.7252476682E+001
1.9900000000E+001 3.7252613472E+001
1.9916666667E+001 3.7252750157E+001
1.9933333333E+001 3.7252886737E+001
1.9950000000E+001 3.7253023212E+001
1.9966666667E+001 3.7253159582E+001
1.9983333333E+001 3.7253295848E+001
2.0000000000E+001 3.7253432008E+001
