0.0000000000E+000 0.0000000000E+000
1.6666666667E-002 1.0030160800E+002
3.3333333333E-002 1.1697974790E+002
5.0000000000E-002 1.2121769016E+002
6.6666666667E-002 1.2471285830E+002
8.3333333333E-002 1.2767297537E+002
1.0000000000E-001 1.3022225857E+002
1.1666666667E-001 1.3244305778E+002
1.3333333333E-001 1.3439291849E+002
1.5000000000E-001 1.3611379953E+002
1.6666666667E-001 1.3763738592E+002
1.8333333333E-001 1.3899365581E+002
2.0000000000E-001 1.4020412089E+002
2.1666666667E-001 1.4128269278E+002
2.3333333333E-001 1.4224115943E+002
2.5000000000E-001 1.4308951405E+002
2.6666666667E-001 1.4383671856E+002
2.8333333333E-001 1.4449064430E+002
3.0000000000E-001 1.4505826750E+002
3.1666666667E-001 1.4554582394E+002
3.3333333333E-001 1.4595893129E+002
3.5000000000E-001 1.4630268590E+002
3.6666666667E-001 1.4658173983E+002
3.8333333333E-001 1.4680036241E+002
4.0000000000E-001 1.4687175815E+002
4.1666666667E-001 1.4679871333E+002
4.3333333333E-001 1.4664548251E+002
4.5000000000E-001 1.4644684788E+002
4.6666666667E-001 1.4622250592E+002
4.8333333333E-001 1.4598367342E+002
5.0000000000E-001 1.4573678305E+002
5.1666666667E-001 1.4548570878E+002
5.3333333333E-001 1.4523824571E+002
5.5000000000E-001 1.4499476339E+002
5.6666666667E-001 1.4475317245E+002
5.8333333333E-001 1.4451254940E+002
6.0000000000E-001 1.4427254446E+002
6.1666666667E-001 1.4403308229E+002
6.3333333333E-001 1.4379421260E+002
6.5000000000E-001 1.4355422647E+002
6.6666666667E-001 1.4329308721E+002
6.8333333333E-001 1.4300859887E+002
7.0000000000E-001 1.4270319163E+002
7.1666666667E-001 1.4237883790E+002
7.3333333333E-001 1.4203721148E+002
7.5000000000E-001 1.4167977549E+002
7.6666666667E-001 1.4130783527E+002
7.8333333333E-001 1.4092257195E+002
8.0000000000E-001 1.4052506514E+002
8.1666666667E-001 1.4011630900E+002
8.3333333333E-001 1.3969722411E+002
8.5000000000E-001 1.3926866656E+002
8.6666666667E-001 1.3883143517E+002
8.8333333333E-001 1.3838627721E+002
9.0000000000E-001 1.3793389326E+002
9.1666666667E-001 1.3747494113E+002
9.3333333333E-001 1.3701003937E+002
9.5000000000E-001 1.3653977015E+002
9.6666666667E-001 1.3606468192E+002
9.8333333333E-001 1.3558529167E+002
1.0000000000E+000 1.3510208703E+002
1.0166666667E+000 1.3461552812E+002
1.0333333333E+000 1.3412604922E+002
1.0500000000E+000 1.3363406041E+002
1.0666666667E+000 1.3313994893E+002
1.0833333333E+000 1.3264408053E+002
1.1000000000E+000 1.3214680076E+002
1.1166666667E+000 1.3164843603E+002
1.1333333333E+000 1.3114929479E+002
1.1500000000E+000 1.3064966845E+002
1.1666666667E+000 1.3014983237E+002
1.1833333333E+000 1.2965004675E+002
1.2000000000E+000 1.2915055743E+002
1.2166666667E+000 1.2865159671E+002
1.2333333333E+000 1.2815338407E+002
1.2500000000E+000 1.2765612684E+002
1.2666666667E+000 1.2716002090E+002
1.2833333333E+000 1.2666525124E+002
1.3000000000E+000 1.2617199259E+002
1.3166666667E+000 1.2568040992E+002
1.3333333333E+000 1.2519065897E+002
1.3500000000E+000 1.2470288676E+002
1.3666666667E+000 1.2421723199E+002
1.3833333333E+000 1.2373382551E+002
1.4000000000E+000 1.2325279073E+002
1.4166666667E+000 1.2277424396E+002
1.4333333333E+000 1.2229829482E+002
1.4500000000E+000 1.2182504654E+002
1.4666666667E+000 1.2135459630E+002
1.4833333333E+000 1.2088703552E+002
1.5000000000E+000 1.2042245017E+002
1.5166666667E+000 1.1996092100E+002
1.5333333333E+000 1.1950252384E+002
1.5500000000E+000 1.1904732980E+002
1.5666666667E+000 1.1859540552E+002
1.5833333333E+000 1.1814681336E+002
1.6000000000E+000 1.1770161165E+002
1.6166666667E+000 1.1725985482E+002
1.6333333333E+000 1.1682159362E+002
1.6500000000E+000 1.1638687529E+002
1.6666666667E+000 1.1595574372E+002
1.6833333333E+000 1.1552823957E+002
1.7000000000E+000 1.1510440046E+002
1.7166666667E+000 1.1468426109E+002
1.7333333333E+000 1.1426785338E+002
1.7500000000E+000 1.1385520655E+002
1.7666666667E+000 1.1344634731E+002
1.7833333333E+000 1.1304129990E+002
1.8000000000E+000 1.1264008624E+002
1.8166666667E+000 1.1224272602E+002
1.8333333333E+000 1.1184923678E+002
1.8500000000E+000 1.1145963403E+002
1.8666666667E+000 1.1107393130E+002
1.8833333333E+000 1.1069214024E+002
1.9000000000E+000 1.1031427072E+002
1.9166666667E+000 1.0994033086E+002
1.9333333333E+000 1.0957032713E+002
1.9500000000E+000 1.0920426441E+002
1.9666666667E+000 1.0884214605E+002
1.9833333333E+000 1.0848397395E+002
2.0000000000E+000 1.0812974858E+002
2.0166666667E+000 1.0777946908E+002
2.0333333333E+000 1.0743313329E+002
2.0500000000E+000 1.0709073780E+002
2.0666666667E+000 1.0675227801E+002
2.0833333333E+000 1.0641774818E+002
2.1000000000E+000 1.0608714144E+002
2.1166666667E+000 1.0576044990E+002
2.1333333333E+000 1.0543766461E+002
2.1500000000E+000 1.0511877568E+002
2.1666666667E+000 1.0480377225E+002
2.1833333333E+000 1.0449264258E+002
2.2000000000E+000 1.0418537406E+002
2.2166666667E+000 1.0388195323E+002
2.2333333333E+000 1.0358236584E+002
2.2500000000E+000 1.0328659690E+002
2.2666666667E+000 1.0299463063E+002
2.2833333333E+000 1.0270645060E+002
2.3000000000E+000 1.0242203966E+002
2.3166666667E+000 1.0214138002E+002
2.3333333333E+000 1.0186445329E+002
2.3500000000E+000 1.0159124046E+002
2.3666666667E+000 1.0132172195E+002
2.3833333333E+000 1.0105587764E+002
2.4000000000E+000 1.0079368687E+002
2.4166666667E+000 1.0053512851E+002
2.4333333333E+000 1.0028018092E+002
2.4500000000E+000 1.0002882202E+002
2.4666666667E+000 9.9781029293E+001
2.4833333333E+000 9.9536779798E+001
2.5000000000E+000 9.9296050205E+001
2.5166666667E+000 9.9058816806E+001
2.5333333333E+000 9.8825055535E+001
2.5500000000E+000 9.8594741985E+001
2.5666666667E+000 9.8367851430E+001
2.5833333333E+000 9.8144358835E+001
2.6000000000E+000 9.7924238879E+001
2.6166666667E+000 9.7707465971E+001
2.6333333333E+000 9.7494014260E+001
2.6500000000E+000 9.7283857656E+001
2.6666666667E+000 9.7076969846E+001
2.6833333333E+000 9.6873324303E+001
2.7000000000E+000 9.6672894303E+001
2.7166666667E+000 9.6475652943E+001
2.7333333333E+000 9.6281573146E+001
2.7500000000E+000 9.6090627683E+001
2.7666666667E+000 9.5902789178E+001
2.7833333333E+000 9.5718030127E+001
2.8000000000E+000 9.5536322907E+001
2.8166666667E+000 9.5357639787E+001
2.8333333333E+000 9.5181952942E+001
2.8500000000E+000 9.5009234462E+001
2.8666666667E+000 9.4839456365E+001
2.8833333333E+000 9.4672590604E+001
2.9000000000E+000 9.4508609084E+001
2.9166666667E+000 9.4347483664E+001
2.9333333333E+000 9.4189186173E+001
2.9500000000E+000 9.4033688417E+001
2.9666666667E+000 9.3880962188E+001
2.9833333333E+000 9.3730979274E+001
3.0000000000E+000 9.3583711467E+001
3.0166666667E+000 9.3439130572E+001
3.0333333333E+000 9.3297208416E+001
3.0500000000E+000 9.3157916853E+001
3.0666666667E+000 9.3021227776E+001
3.0833333333E+000 9.2887113120E+001
3.1000000000E+000 9.2755544876E+001
3.1166666667E+000 9.2626495089E+001
3.1333333333E+000 9.2499935874E+001
3.1500000000E+000 9.2375839415E+001
3.1666666667E+000 9.2254177977E+001
3.1833333333E+000 9.2134923910E+001
3.2000000000E+000 9.2018049655E+001
3.2166666667E+000 9.1903527750E+001
3.2333333333E+000 9.1791330835E+001
3.2500000000E+000 9.1681431660E+001
3.2666666667E+000 9.1573803086E+001
3.2833333333E+000 9.1468418096E+001
3.3000000000E+000 9.1365249793E+001
3.3166666667E+000 9.1264271410E+001
3.3333333333E+000 9.1165456312E+001
3.3500000000E+000 9.1068778003E+001
3.3666666667E+000 9.0974210124E+001
3.3833333333E+000 9.0881726467E+001
3.4000000000E+000 9.0791300968E+001
3.4166666667E+000 9.0702907719E+001
3.4333333333E+000 9.0616520968E+001
3.4500000000E+000 9.0532115121E+001
3.4666666667E+000 9.0449664750E+001
3.4833333333E+000 9.0369144591E+001
3.5000000000E+000 9.0290529549E+001
3.5166666667E+000 9.0213794703E+001
3.5333333333E+000 9.0138915305E+001
3.5500000000E+000 9.0065866784E+001
3.5666666667E+000 8.9994624750E+001
3.5833333333E+000 8.9925164992E+001
3.6000000000E+000 8.9857463486E+001
3.6166666667E+000 8.9791496392E+001
3.6333333333E+000 8.9727240059E+001
3.6500000000E+000 8.9664671025E+001
3.6666666667E+000 8.9603766020E+001
3.6833333333E+000 8.9544501964E+001
3.7000000000E+000 8.9486855975E+001
3.7166666667E+000 8.9430805365E+001
3.7333333333E+000 8.9376327643E+001
3.7500000000E+000 8.9323400514E+001
3.7666666667E+000 8.9272001884E+001
3.7833333333E+000 8.9222109859E+001
3.8000000000E+000 8.9173702745E+001
3.8166666667E+000 8.9126759048E+001
3.8333333333E+000 8.9081257478E+001
3.8500000000E+000 8.9037176946E+001
3.8666666667E+000 8.8994496567E+001
3.8833333333E+000 8.8953195659E+001
3.9000000000E+000 8.8913253744E+001
3.9166666667E+000 8.8874650547E+001
3.9333333333E+000 8.8837365998E+001
3.9500000000E+000 8.8801380230E+001
3.9666666667E+000 8.8766673580E+001
3.9833333333E+000 8.8733226591E+001
4.0000000000E+000 8.8701020007E+001
4.0166666667E+000 8.8670034778E+001
4.0333333333E+000 8.8640252056E+001
4.0500000000E+000 8.8611653196E+001
4.0666666667E+000 8.8584219756E+001
4.0833333333E+000 8.8557933496E+001
4.1000000000E+000 8.8532776377E+001
4.1166666667E+000 8.8508730564E+001
4.1333333333E+000 8.8485778418E+001
4.1500000000E+000 8.8463902504E+001
4.1666666667E+000 8.8443085582E+001
4.1833333333E+000 8.8423310614E+001
4.2000000000E+000 8.8404560758E+001
4.2166666667E+000 8.8386819368E+001
4.2333333333E+000 8.8370069995E+001
4.2500000000E+000 8.8354296384E+001
4.2666666667E+000 8.8339482475E+001
4.2833333333E+000 8.8325612399E+001
4.3000000000E+000 8.8312670481E+001
4.3166666667E+000 8.8300641236E+001
4.3333333333E+000 8.8289509369E+001
4.3500000000E+000 8.8279259772E+001
4.3666666667E+000 8.8269877526E+001
4.3833333333E+000 8.8261347898E+001
4.4000000000E+000 8.8253656340E+001
4.4166666667E+000 8.8246788487E+001
4.4333333333E+000 8.8240730158E+001
4.4500000000E+000 8.8235467353E+001
4.4666666667E+000 8.8230986249E+001
4.4833333333E+000 8.8227273206E+001
4.5000000000E+000 8.8224314759E+001
4.5166666667E+000 8.8222097618E+001
4.5333333333E+000 8.8220608670E+001
4.5500000000E+000 8.8219834973E+001
4.5666666667E+000 8.8219763758E+001
4.5833333333E+000 8.8220382425E+001
4.6000000000E+000 8.8221678544E+001
4.6166666667E+000 8.8223639853E+001
4.6333333333E+000 8.8226254254E+001
4.6500000000E+000 8.8229509816E+001
4.6666666667E+000 8.8233394768E+001
4.6833333333E+000 8.8237897503E+001
4.7000000000E+000 8.8243006574E+001
4.7166666667E+000 8.8248710690E+001
4.7333333333E+000 8.8254998721E+001
4.7500000000E+000 8.8261859690E+001
4.7666666667E+000 8.8269282773E+001
4.7833333333E+000 8.8277257302E+001
4.8000000000E+000 8.8285772757E+001
4.8166666667E+000 8.8294818769E+001
4.8333333333E+000 8.8304385117E+001
4.8500000000E+000 8.8314461726E+001
4.8666666667E+000 8.8325038666E+001
4.8833333333E+000 8.8336106150E+001
4.9000000000E+000 8.8347654535E+001
4.9166666667E+000 8.8359674315E+001
4.9333333333E+000 8.8372156127E+001
4.9500000000E+000 8.8385090741E+001
4.9666666667E+000 8.8398469067E+001
4.9833333333E+000 8.8412282146E+001
5.0000000000E+000 8.8426521154E+001
5.0166666667E+000 8.8441177398E+001
5.0333333333E+000 8.8456242314E+001
5.0500000000E+000 8.8471707468E+001
5.0666666667E+000 8.8487564551E+001
5.0833333333E+000 8.8503805381E+001
5.1000000000E+000 8.8520421900E+001
5.1166666667E+000 8.8537406172E+001
5.1333333333E+000 8.8554750381E+001
5.1500000000E+000 8.8572446832E+001
5.1666666667E+000 8.8590487949E+001
5.1833333333E+000 8.8608866271E+001
5.2000000000E+000 8.8627574453E+001
5.2166666667E+000 8.8646605265E+001
5.2333333333E+000 8.8665951587E+001
5.2500000000E+000 8.8685606414E+001
5.2666666667E+000 8.8705562846E+001
5.2833333333E+000 8.8725814096E+001
5.3000000000E+000 8.8746353481E+001
5.3166666667E+000 8.8767174424E+001
5.3333333333E+000 8.8788270453E+001
5.3500000000E+000 8.8809635201E+001
5.3666666667E+000 8.8831262397E+001
5.3833333333E+000 8.8853145877E+001
5.4000000000E+000 8.8875279571E+001
5.4166666667E+000 8.8897657510E+001
5.4333333333E+000 8.8920273819E+001
5.4500000000E+000 8.8943122719E+001
5.4666666667E+000 8.8966198526E+001
5.4833333333E+000 8.8989495647E+001
5.5000000000E+000 8.9013008582E+001
5.5166666667E+000 8.9036731920E+001
5.5333333333E+000 8.9060660340E+001
5.5500000000E+000 8.9084788607E+001
5.5666666667E+000 8.9109111575E+001
5.5833333333E+000 8.9133624181E+001
5.6000000000E+000 8.9158321448E+001
5.6166666667E+000 8.9183198481E+001
5.6333333333E+000 8.9208250467E+001
5.6500000000E+000 8.9233472674E+001
5.6666666667E+000 8.9258860451E+001
5.6833333333E+000 8.9284409222E+001
5.7000000000E+000 8.9310114492E+001
5.7166666667E+000 8.9335971841E+001
5.7333333333E+000 8.9361976924E+001
5.7500000000E+000 8.9388125469E+001
5.7666666667E+000 8.9414413280E+001
5.7833333333E+000 8.9440836231E+001
5.8000000000E+000 8.9467390267E+001
5.8166666667E+000 8.9494071405E+001
5.8333333333E+000 8.9520875727E+001
5.8500000000E+000 8.9547799388E+001
5.8666666667E+000 8.9574838605E+001
5.8833333333E+000 8.9601989666E+001
5.9000000000E+000 8.9629248921E+001
5.9166666667E+000 8.9656612783E+001
5.9333333333E+000 8.9684077732E+001
5.9500000000E+000 8.9711640307E+001
5.9666666667E+000 8.9739297109E+001
5.9833333333E+000 8.9767044801E+001
6.0000000000E+000 8.9794880103E+001
6.0166666667E+000 8.9822799796E+001
6.0333333333E+000 8.9850800716E+001
6.0500000000E+000 8.9878879760E+001
6.0666666667E+000 8.9907033876E+001
6.0833333333E+000 8.9935260071E+001
6.1000000000E+000 8.9963555404E+001
6.1166666667E+000 8.9991916990E+001
6.1333333333E+000 9.0020341993E+001
6.1500000000E+000 9.0048827632E+001
6.1666666667E+000 9.0077371177E+001
6.1833333333E+000 9.0105969946E+001
6.2000000000E+000 9.0134621308E+001
6.2166666667E+000 9.0163322681E+001
6.2333333333E+000 9.0192071530E+001
6.2500000000E+000 9.0220865369E+001
6.2666666667E+000 9.0249701756E+001
6.2833333333E+000 9.0278578297E+001
6.3000000000E+000 9.0307492643E+001
6.3166666667E+000 9.0336442487E+001
6.3333333333E+000 9.0365425568E+001
6.3500000000E+000 9.0394439668E+001
6.3666666667E+000 9.0423482610E+001
6.3833333333E+000 9.0452552259E+001
6.4000000000E+000 9.0481646522E+001
6.4166666667E+000 9.0510763345E+001
6.4333333333E+000 9.0539900714E+001
6.4500000000E+000 9.0569056656E+001
6.4666666667E+000 9.0598229232E+001
6.4833333333E+000 9.0627416546E+001
6.5000000000E+000 9.0656616737E+001
6.5166666667E+000 9.0685827978E+001
6.5333333333E+000 9.0715048482E+001
6.5500000000E+000 9.0744276497E+001
6.5666666667E+000 9.0773510302E+001
6.5833333333E+000 9.0802748216E+001
6.6000000000E+000 9.0831988586E+001
6.6166666667E+000 9.0861229798E+001
6.6333333333E+000 9.0890470265E+001
6.6500000000E+000 9.0919708436E+001
6.6666666667E+000 9.0948942791E+001
6.6833333333E+000 9.0978171839E+001
6.7000000000E+000 9.1007394122E+001
6.7166666667E+000 9.1036608211E+001
6.7333333333E+000 9.1065812706E+001
6.7500000000E+000 9.1095006237E+001
6.7666666667E+000 9.1124187463E+001
6.7833333333E+000 9.1153355070E+001
6.8000000000E+000 9.1182507772E+001
6.8166666667E+000 9.1211644310E+001
6.8333333333E+000 9.1240763453E+001
6.8500000000E+000 9.1269863993E+001
6.8666666667E+000 9.1298944753E+001
6.8833333333E+000 9.1328004577E+001
6.9000000000E+000 9.1357042335E+001
6.9166666667E+000 9.1386056923E+001
6.9333333333E+000 9.1415047260E+001
6.9500000000E+000 9.1444012289E+001
6.9666666667E+000 9.1472950976E+001
6.9833333333E+000 9.1501862310E+001
7.0000000000E+000 9.1530745304E+001
7.0166666667E+000 9.1559598990E+001
7.0333333333E+000 9.1588422426E+001
7.0500000000E+000 9.1617214687E+001
7.0666666667E+000 9.1645974872E+001
7.0833333333E+000 9.1674702100E+001
7.1000000000E+000 9.1703395509E+001
7.1166666667E+000 9.1732054260E+001
7.1333333333E+000 9.1760677530E+001
7.1500000000E+000 9.1789264518E+001
7.1666666667E+000 9.1817814441E+001
7.1833333333E+000 9.1846326534E+001
7.2000000000E+000 9.1874800051E+001
7.2166666667E+000 9.1903234263E+001
7.2333333333E+000 9.1931628461E+001
7.2500000000E+000 9.1959981952E+001
7.2666666667E+000 9.1988294058E+001
7.2833333333E+000 9.2016564121E+001
7.3000000000E+000 9.2044791498E+001
7.3166666667E+000 9.2072975561E+001
7.3333333333E+000 9.2101115701E+001
7.3500000000E+000 9.2129211321E+001
7.3666666667E+000 9.2157261842E+001
7.3833333333E+000 9.2185266698E+001
7.4000000000E+000 9.2213225340E+001
7.4166666667E+000 9.2241137232E+001
7.4333333333E+000 9.2269001852E+001
7.4500000000E+000 9.2296818692E+001
7.4666666667E+000 9.2324587260E+001
7.4833333333E+000 9.2352307074E+001
7.5000000000E+000 9.2379977668E+001
7.5166666667E+000 9.2407598588E+001
7.5333333333E+000 9.2435169392E+001
7.5500000000E+000 9.2462689651E+001
7.5666666667E+000 9.2490158950E+001
7.5833333333E+000 9.2517576884E+001
7.6000000000E+000 9.2544943061E+001
7.6166666667E+000 9.2572257099E+001
7.6333333333E+000 9.2599518629E+001
7.6500000000E+000 9.2626727293E+001
7.6666666667E+000 9.2653882744E+001
7.6833333333E+000 9.2680984645E+001
7.7000000000E+000 9.2708032671E+001
7.7166666667E+000 9.2735026506E+001
7.7333333333E+000 9.2761965845E+001
7.7500000000E+000 9.2788850393E+001
7.7666666667E+000 9.2815679865E+001
7.7833333333E+000 9.2842453984E+001
7.8000000000E+000 9.2869172485E+001
7.8166666667E+000 9.2895835111E+001
7.8333333333E+000 9.2922441614E+001
7.8500000000E+000 9.2948991756E+001
7.8666666667E+000 9.2975485305E+001
7.8833333333E+000 9.3001922040E+001
7.9000000000E+000 9.3028301749E+001
7.9166666667E+000 9.3054624227E+001
7.9333333333E+000 9.3080889277E+001
7.9500000000E+000 9.3107096710E+001
7.9666666667E+000 9.3133246345E+001
7.9833333333E+000 9.3159338010E+001
8.0000000000E+000 9.3185371538E+001
8.0166666667E+000 9.3211346770E+001
8.0333333333E+000 9.3237263557E+001
8.0500000000E+000 9.3263121753E+001
8.0666666667E+000 9.3288921222E+001
8.0833333333E+000 9.3314661833E+001
8.1000000000E+000 9.3340343463E+001
8.1166666667E+000 9.3365965993E+001
8.1333333333E+000 9.3391529315E+001
8.1500000000E+000 9.3417033322E+001
8.1666666667E+000 9.3442477917E+001
8.1833333333E+000 9.3467863008E+001
8.2000000000E+000 9.3493188507E+001
8.2166666667E+000 9.3518454335E+001
8.2333333333E+000 9.3543660416E+001
8.2500000000E+000 9.3568806682E+001
8.2666666667E+000 9.3593893067E+001
8.2833333333E+000 9.3618919514E+001
8.3000000000E+000 9.3643885968E+001
8.3166666667E+000 9.3668792383E+001
8.3333333333E+000 9.3693638714E+001
8.3500000000E+000 9.3718424923E+001
8.3666666667E+000 9.3743150976E+001
8.3833333333E+000 9.3767816845E+001
8.4000000000E+000 9.3792422505E+001
8.4166666667E+000 9.3816967937E+001
8.4333333333E+000 9.3841453125E+001
8.4500000000E+000 9.3865878058E+001
8.4666666667E+000 9.3890242729E+001
8.4833333333E+000 9.3914547136E+001
8.5000000000E+000 9.3938791280E+001
8.5166666667E+000 9.3962975166E+001
8.5333333333E+000 9.3987098803E+001
8.5500000000E+000 9.4011162205E+001
8.5666666667E+000 9.4035165388E+001
8.5833333333E+000 9.4059108373E+001
8.6000000000E+000 9.4082991183E+001
8.6166666667E+000 9.4106813846E+001
8.6333333333E+000 9.4130576392E+001
8.6500000000E+000 9.4154278856E+001
8.6666666667E+000 9.4177921274E+001
8.6833333333E+000 9.4201503688E+001
8.7000000000E+000 9.4225026141E+001
8.7166666667E+000 9.4248488678E+001
8.7333333333E+000 9.4271891351E+001
8.7500000000E+000 9.4295234211E+001
8.7666666667E+000 9.4318517314E+001
8.7833333333E+000 9.4341740718E+001
8.8000000000E+000 9.4364904482E+001
8.8166666667E+000 9.4388008672E+001
8.8333333333E+000 9.4411053352E+001
8.8500000000E+000 9.4434038591E+001
8.8666666667E+000 9.4456964460E+001
8.8833333333E+000 9.4479831032E+001
8.9000000000E+000 9.4502638383E+001
8.9166666667E+000 9.4525386591E+001
8.9333333333E+000 9.4548075735E+001
8.9500000000E+000 9.4570705898E+001
8.9666666667E+000 9.4593277165E+001
8.9833333333E+000 9.4615789621E+001
9.0000000000E+000 9.4638243356E+001
9.0166666667E+000 9.4660638459E+001
9.0333333333E+000 9.4682975023E+001
9.0500000000E+000 9.4705253143E+001
9.0666666667E+000 9.4727472913E+001
9.0833333333E+000 9.4749634432E+001
9.1000000000E+000 9.4771737799E+001
9.1166666667E+000 9.4793783116E+001
9.1333333333E+000 9.4815770485E+001
9.1500000000E+000 9.4837700010E+001
9.1666666667E+000 9.4859571798E+001
9.1833333333E+000 9.4881385956E+001
9.2000000000E+000 9.4903142592E+001
9.2166666667E+000 9.4924841817E+001
9.2333333333E+000 9.4946483743E+001
9.2500000000E+000 9.4968068482E+001
9.2666666667E+000 9.4989596149E+001
9.2833333333E+000 9.5011066859E+001
9.3000000000E+000 9.5032480730E+001
9.3166666667E+000 9.5053837879E+001
9.3333333333E+000 9.5075138425E+001
9.3500000000E+000 9.5096382488E+001
9.3666666667E+000 9.5117570190E+001
9.3833333333E+000 9.5138701654E+001
9.4000000000E+000 9.5159777002E+001
9.4166666667E+000 9.5180796359E+001
9.4333333333E+000 9.5201759851E+001
9.4500000000E+000 9.5222667603E+001
9.4666666667E+000 9.5243519744E+001
9.4833333333E+000 9.5264316400E+001
9.5000000000E+000 9.5285057701E+001
9.5166666667E+000 9.5305743776E+001
9.5333333333E+000 9.5326374757E+001
9.5500000000E+000 9.5346950774E+001
9.5666666667E+000 9.5367471959E+001
9.5833333333E+000 9.5387938445E+001
9.6000000000E+000 9.5408350365E+001
9.6166666667E+000 9.5428707853E+001
9.6333333333E+000 9.5449011044E+001
9.6500000000E+000 9.5469260074E+001
9.6666666667E+000 9.5489455077E+001
9.6833333333E+000 9.5509596190E+001
9.7000000000E+000 9.5529683550E+001
9.7166666667E+000 9.5549717294E+001
9.7333333333E+000 9.5569697561E+001
9.7500000000E+000 9.5589624488E+001
9.7666666667E+000 9.5609498215E+001
9.7833333333E+000 9.5629318880E+001
9.8000000000E+000 9.5649086623E+001
9.8166666667E+000 9.5668801584E+001
9.8333333333E+000 9.5688463904E+001
9.8500000000E+000 9.5708073723E+001
9.8666666667E+000 9.5727631182E+001
9.8833333333E+000 9.5747136422E+001
9.9000000000E+000 9.5766589585E+001
9.9166666667E+000 9.5785990813E+001
9.9333333333E+000 9.5805340249E+001
9.9500000000E+000 9.5824638033E+001
9.9666666667E+000 9.5843884310E+001
9.9833333333E+000 9.5863079221E+001
1.0000000000E+001 9.5882222909E+001
1.0016666667E+001 9.5901315519E+001
1.0033333333E+001 9.5920357193E+001
1.0050000000E+001 9.5939348074E+001
1.0066666667E+001 9.5958288306E+001
1.0083333333E+001 9.5977178034E+001
1.0100000000E+001 9.5996017399E+001
1.0116666667E+001 9.6014806548E+001
1.0133333333E+001 9.6033545622E+001
1.0150000000E+001 9.6052234768E+001
1.0166666667E+001 9.6070874127E+001
1.0183333333E+001 9.6089463845E+001
1.0200000000E+001 9.6108004066E+001
1.0216666667E+001 9.6126494934E+001
1.0233333333E+001 9.6144936593E+001
1.0250000000E+001 9.6163329186E+001
1.0266666667E+001 9.6181672859E+001
1.0283333333E+001 9.6199967755E+001
1.0300000000E+001 9.6218214019E+001
1.0316666667E+001 9.6236411793E+001
1.0333333333E+001 9.6254561223E+001
1.0350000000E+001 9.6272662452E+001
1.0366666667E+001 9.6290715623E+001
1.0383333333E+001 9.6308720880E+001
1.0400000000E+001 9.6326678368E+001
1.0416666667E+001 9.6344588229E+001
1.0433333333E+001 9.6362450606E+001
1.0450000000E+001 9.6380265643E+001
1.0466666667E+001 9.6398033483E+001
1.0483333333E+001 9.6415754269E+001
1.0500000000E+001 9.6433428143E+001
1.0516666667E+001 9.6451055248E+001
1.0533333333E+001 9.6468635727E+001
1.0550000000E+001 9.6486169721E+001
1.0566666667E+001 9.6503657373E+001
1.0583333333E+001 9.6521098825E+001
1.0600000000E+001 9.6538494218E+001
1.0616666667E+001 9.6555843694E+001
1.0633333333E+001 9.6573147394E+001
1.0650000000E+001 9.6590405459E+001
1.0666666667E+001 9.6607618030E+001
1.0683333333E+001 9.6624785248E+001
1.0700000000E+001 9.6641907252E+001
1.0716666667E+001 9.6658984183E+001
1.0733333333E+001 9.6676016182E+001
1.0750000000E+001 9.6693003386E+001
1.0766666667E+001 9.6709945937E+001
1.0783333333E+001 9.6726843972E+001
1.0800000000E+001 9.6743697631E+001
1.0816666667E+001 9.6760507052E+001
1.0833333333E+001 9.6777272374E+001
1.0850000000E+001 9.6793993734E+001
1.0866666667E+001 9.6810671271E+001
1.0883333333E+001 9.6827305121E+001
1.0900000000E+001 9.6843895423E+001
1.0916666667E+001 9.6860442312E+001
1.0933333333E+001 9.6876945925E+001
1.0950000000E+001 9.6893406398E+001
1.0966666667E+001 9.6909823868E+001
1.0983333333E+001 9.6926198470E+001
1.1000000000E+001 9.6942530339E+001
1.1016666667E+001 9.6958819610E+001
1.1033333333E+001 9.6975066418E+001
1.1050000000E+001 9.6991270897E+001
1.1066666667E+001 9.7007433181E+001
1.1083333333E+001 9.7023553404E+001
1.1100000000E+001 9.7039631699E+001
1.1116666667E+001 9.7055668199E+001
1.1133333333E+001 9.7071663036E+001
1.1150000000E+001 9.7087616344E+001
1.1166666667E+001 9.7103528253E+001
1.1183333333E+001 9.7119398896E+001
1.1200000000E+001 9.7135228404E+001
1.1216666667E+001 9.7151016907E+001
1.1233333333E+001 9.7166764536E+001
1.1250000000E+001 9.7182471422E+001
1.1266666667E+001 9.7198137694E+001
1.1283333333E+001 9.7213763481E+001
1.1300000000E+001 9.7229348914E+001
1.1316666667E+001 9.7244894119E+001
1.1333333333E+001 9.7260399226E+001
1.1350000000E+001 9.7275864363E+001
1.1366666667E+001 9.7291289657E+001
1.1383333333E+001 9.7306675236E+001
1.1400000000E+001 9.7322021227E+001
1.1416666667E+001 9.7337327755E+001
1.1433333333E+001 9.7352594947E+001
1.1450000000E+001 9.7367822929E+001
1.1466666667E+001 9.7383011827E+001
1.1483333333E+001 9.7398161764E+001
1.1500000000E+001 9.7413272867E+001
1.1516666667E+001 9.7428345258E+001
1.1533333333E+001 9.7443379062E+001
1.1550000000E+001 9.7458374402E+001
1.1566666667E+001 9.7473331402E+001
1.1583333333E+001 9.7488250184E+001
1.1600000000E+001 9.7503130870E+001
1.1616666667E+001 9.7517973582E+001
1.1633333333E+001 9.7532778442E+001
1.1650000000E+001 9.7547545571E+001
1.1666666667E+001 9.7562275090E+001
1.1683333333E+001 9.7576967119E+001
1.1700000000E+001 9.7591621778E+001
1.1716666667E+001 9.7606239186E+001
1.1733333333E+001 9.7620819463E+001
1.1750000000E+001 9.7635362728E+001
1.1766666667E+001 9.7649869099E+001
1.1783333333E+001 9.7664338693E+001
1.1800000000E+001 9.7678771630E+001
1.1816666667E+001 9.7693168025E+001
1.1833333333E+001 9.7707527996E+001
1.1850000000E+001 9.7721851659E+001
1.1866666667E+001 9.7736139131E+001
1.1883333333E+001 9.7750390526E+001
1.1900000000E+001 9.7764605961E+001
1.1916666667E+001 9.7778785550E+001
1.1933333333E+001 9.7792929408E+001
1.1950000000E+001 9.7807037648E+001
1.1966666667E+001 9.7821110385E+001
1.1983333333E+001 9.7835147731E+001
1.2000000000E+001 9.7849149800E+001
1.2016666667E+001 9.7863116705E+001
1.2033333333E+001 9.7877048557E+001
1.2050000000E+001 9.7890945468E+001
1.2066666667E+001 9.7904807550E+001
1.2083333333E+001 9.7918634914E+001
1.2100000000E+001 9.7932427670E+001
1.2116666667E+001 9.7946185928E+001
1.2133333333E+001 9.7959909799E+001
1.2150000000E+001 9.7973599391E+001
1.2166666667E+001 9.7987254814E+001
1.2183333333E+001 9.8000876177E+001
1.2200000000E+001 9.8014463587E+001
1.2216666667E+001 9.8028017153E+001
1.2233333333E+001 9.8041536982E+001
1.2250000000E+001 9.8055023182E+001
1.2266666667E+001 9.8068475859E+001
1.2283333333E+001 9.8081895119E+001
1.2300000000E+001 9.8095281068E+001
1.2316666667E+001 9.8108633813E+001
1.2333333333E+001 9.8121953458E+001
1.2350000000E+001 9.8135240108E+001
1.2366666667E+001 9.8148493868E+001
1.2383333333E+001 9.8161714841E+001
1.2400000000E+001 9.8174903132E+001
1.2416666667E+001 9.8188058844E+001
1.2433333333E+001 9.8201182080E+001
1.2450000000E+001 9.8214272941E+001
1.2466666667E+001 9.8227331532E+001
1.2483333333E+001 9.8240357953E+001
1.2500000000E+001 9.8253352306E+001
1.2516666667E+001 9.8266314692E+001
1.2533333333E+001 9.8279245211E+001
1.2550000000E+001 9.8292143965E+001
1.2566666667E+001 9.8305011053E+001
1.2583333333E+001 9.8317846574E+001
1.2600000000E+001 9.8330650629E+001
1.2616666667E+001 9.8343423315E+001
1.2633333333E+001 9.8356164732E+001
1.2650000000E+001 9.8368874978E+001
1.2666666667E+001 9.8381554150E+001
1.2683333333E+001 9.8394202345E+001
1.2700000000E+001 9.8406819662E+001
1.2716666667E+001 9.8419406197E+001
1.2733333333E+001 9.8431962045E+001
1.2750000000E+001 9.8444487304E+001
1.2766666667E+001 9.8456982068E+001
1.2783333333E+001 9.8469446433E+001
1.2800000000E+001 9.8481880494E+001
1.2816666667E+001 9.8494284346E+001
1.2833333333E+001 9.8506658082E+001
1.2850000000E+001 9.8519001798E+001
1.2866666667E+001 9.8531315585E+001
1.2883333333E+001 9.8543599538E+001
1.2900000000E+001 9.8555853749E+001
1.2916666667E+001 9.8568078310E+001
1.2933333333E+001 9.8580273315E+001
1.2950000000E+001 9.8592438854E+001
1.2966666667E+001 9.8604575019E+001
1.2983333333E+001 9.8616681902E+001
1.3000000000E+001 9.8628759592E+001
1.3016666667E+001 9.8640808181E+001
1.3033333333E+001 9.8652827759E+001
1.3050000000E+001 9.8664818415E+001
1.3066666667E+001 9.8676780238E+001
1.3083333333E+001 9.8688713319E+001
1.3100000000E+001 9.8700617744E+001
1.3116666667E+001 9.8712493604E+001
1.3133333333E+001 9.8724340986E+001
1.3150000000E+001 9.8736159978E+001
1.3166666667E+001 9.8747950667E+001
1.3183333333E+001 9.8759713140E+001
1.3200000000E+001 9.8771447484E+001
1.3216666667E+001 9.8783153786E+001
1.3233333333E+001 9.8794832132E+001
1.3250000000E+001 9.8806482607E+001
1.3266666667E+001 9.8818105297E+001
1.3283333333E+001 9.8829700287E+001
1.3300000000E+001 9.8841267661E+001
1.3316666667E+001 9.8852807505E+001
1.3333333333E+001 9.8864319903E+001
1.3350000000E+001 9.8875804938E+001
1.3366666667E+001 9.8887262694E+001
1.3383333333E+001 9.8898693255E+001
1.3400000000E+001 9.8910096702E+001
1.3416666667E+001 9.8921473120E+001
1.3433333333E+001 9.8932822589E+001
1.3450000000E+001 9.8944145192E+001
1.3466666667E+001 9.8955441011E+001
1.3483333333E+001 9.8966710128E+001
1.3500000000E+001 9.8977952622E+001
1.3516666667E+001 9.8989168575E+001
1.3533333333E+001 9.9000358068E+001
1.3550000000E+001 9.9011521180E+001
1.3566666667E+001 9.9022657992E+001
1.3583333333E+001 9.9033768583E+001
1.3600000000E+001 9.9044853032E+001
1.3616666667E+001 9.9055911418E+001
1.3633333333E+001 9.9066943820E+001
1.3650000000E+001 9.9077950316E+001
1.3666666667E+001 9.9088930984E+001
1.3683333333E+001 9.9099885903E+001
1.3700000000E+001 9.9110815148E+001
1.3716666667E+001 9.9121718799E+001
1.3733333333E+001 9.9132596931E+001
1.3750000000E+001 9.9143449621E+001
1.3766666667E+001 9.9154276946E+001
1.3783333333E+001 9.9165078982E+001
1.3800000000E+001 9.9175855803E+001
1.3816666667E+001 9.9186607487E+001
1.3833333333E+001 9.9197334107E+001
1.3850000000E+001 9.9208035739E+001
1.3866666667E+001 9.9218712458E+001
1.3883333333E+001 9.9229364337E+001
1.3900000000E+001 9.9239991451E+001
1.3916666667E+001 9.9250593874E+001
1.3933333333E+001 9.9261171679E+001
1.3950000000E+001 9.9271724939E+001
1.3966666667E+001 9.9282253728E+001
1.3983333333E+001 9.9292758117E+001
1.4000000000E+001 9.9303238180E+001
1.4016666667E+001 9.9313693989E+001
1.4033333333E+001 9.9324125614E+001
1.4050000000E+001 9.9334533129E+001
1.4066666667E+001 9.9344916604E+001
1.4083333333E+001 9.9355276111E+001
1.4100000000E+001 9.9365611719E+001
1.4116666667E+001 9.9375923500E+001
1.4133333333E+001 9.9386211525E+001
1.4150000000E+001 9.9396475862E+001
1.4166666667E+001 9.9406716582E+001
1.4183333333E+001 9.9416933754E+001
1.4200000000E+001 9.9427127447E+001
1.4216666667E+001 9.9437297731E+001
1.4233333333E+001 9.9447444674E+001
1.4250000000E+001 9.9457568345E+001
1.4266666667E+001 9.9467668811E+001
1.4283333333E+001 9.9477746141E+001
1.4300000000E+001 9.9487800402E+001
1.4316666667E+001 9.9497831663E+001
1.4333333333E+001 9.9507839989E+001
1.4350000000E+001 9.9517825448E+001
1.4366666667E+001 9.9527788107E+001
1.4383333333E+001 9.9537728032E+001
1.4400000000E+001 9.9547645289E+001
1.4416666667E+001 9.9557539945E+001
1.4433333333E+001 9.9567412064E+001
1.4450000000E+001 9.9577261713E+001
1.4466666667E+001 9.9587088957E+001
1.4483333333E+001 9.9596893860E+001
1.4500000000E+001 9.9606676488E+001
1.4516666667E+001 9.9616436905E+001
1.4533333333E+001 9.9626175175E+001
1.4550000000E+001 9.9635891362E+001
1.4566666667E+001 9.9645585530E+001
1.4583333333E+001 9.9655257743E+001
1.4600000000E+001 9.9664908063E+001
1.4616666667E+001 9.9674536555E+001
1.4633333333E+001 9.9684143280E+001
1.4650000000E+001 9.9693728302E+001
1.4666666667E+001 9.9703291683E+001
1.4683333333E+001 9.9712833485E+001
1.4700000000E+001 9.9722353770E+001
1.4716666667E+001 9.9731852600E+001
1.4733333333E+001 9.9741330035E+001
1.4750000000E+001 9.9750786139E+001
1.4766666667E+001 9.9760220971E+001
1.4783333333E+001 9.9769634592E+001
1.4800000000E+001 9.9779027063E+001
1.4816666667E+001 9.9788398444E+001
1.4833333333E+001 9.9797748796E+001
1.4850000000E+001 9.9807078178E+001
1.4866666667E+001 9.9816386651E+001
1.4883333333E+001 9.9825674272E+001
1.4900000000E+001 9.9834941103E+001
1.4916666667E+001 9.9844187202E+001
1.4933333333E+001 9.9853412628E+001
1.4950000000E+001 9.9862617439E+001
1.4966666667E+001 9.9871801694E+001
1.4983333333E+001 9.9880965451E+001
1.5000000000E+001 9.9890108768E+001
1.5016666667E+001 9.9899231703E+001
1.5033333333E+001 9.9908334313E+001
1.5050000000E+001 9.9917416656E+001
1.5066666667E+001 9.9926478789E+001
1.5083333333E+001 9.9935520770E+001
1.5100000000E+001 9.9944542653E+001
1.5116666667E+001 9.9953544498E+001
1.5133333333E+001 9.9962526358E+001
1.5150000000E+001 9.9971488292E+001
1.5166666667E+001 9.9980430354E+001
1.5183333333E+001 9.9989352600E+001
1.5200000000E+001 9.9998255087E+001
1.5216666667E+001 1.0000713787E+002
1.5233333333E+001 1.0001600100E+002
1.5250000000E+001 1.0002484454E+002
1.5266666667E+001 1.0003366854E+002
1.5283333333E+001 1.0004247305E+002
1.5300000000E+001 1.0005125813E+002
1.5316666667E+001 1.0006002384E+002
1.5333333333E+001 1.0006877022E+002
1.5350000000E+001 1.0007749733E+002
1.5366666667E+001 1.0008620523E+002
1.5383333333E+001 1.0009489396E+002
1.5400000000E+001 1.0010356359E+002
1.5416666667E+001 1.0011221416E+002
1.5433333333E+001 1.0012084573E+002
1.5450000000E+001 1.0012945834E+002
1.5466666667E+001 1.0013805206E+002
1.5483333333E+001 1.0014662694E+002
1.5500000000E+001 1.0015518301E+002
1.5516666667E+001 1.0016372035E+002
1.5533333333E+001 1.0017223900E+002
1.5550000000E+001 1.0018073901E+002
1.5566666667E+001 1.0018922043E+002
1.5583333333E+001 1.0019768332E+002
1.5600000000E+001 1.0020612772E+002
1.5616666667E+001 1.0021455368E+002
1.5633333333E+001 1.0022296127E+002
1.5650000000E+001 1.0023135052E+002
1.5666666667E+001 1.0023972148E+002
1.5683333333E+001 1.0024807422E+002
1.5700000000E+001 1.0025640877E+002
1.5716666667E+001 1.0026472519E+002
1.5733333333E+001 1.0027302352E+002
1.5750000000E+001 1.0028130382E+002
1.5766666667E+001 1.0028956614E+002
1.5783333333E+001 1.0029781051E+002
1.5800000000E+001 1.0030603701E+002
1.5816666667E+001 1.0031422113E+002
1.5833333333E+001 1.0032234233E+002
1.5850000000E+001 1.0033040206E+002
1.5866666667E+001 1.0033840157E+002
1.5883333333E+001 1.0034634207E+002
1.5900000000E+001 1.0035422477E+002
1.5916666667E+001 1.0036205083E+002
1.5933333333E+001 1.0036982138E+002
1.5950000000E+001 1.0037753754E+002
1.5966666667E+001 1.0038513695E+002
1.5983333333E+001 1.0039257891E+002
1.6000000000E+001 1.0039986705E+002
1.6016666667E+001 1.0040700458E+002
1.6033333333E+001 1.0041399464E+002
1.6050000000E+001 1.0042084031E+002
1.6066666667E+001 1.0042754458E+002
1.6083333333E+001 1.0043411042E+002
1.6100000000E+001 1.0044054070E+002
1.6116666667E+001 1.0044683824E+002
1.6133333333E+001 1.0045300583E+002
1.6150000000E+001 1.0045904615E+002
1.6166666667E+001 1.0046496187E+002
1.6183333333E+001 1.0047075558E+002
1.6200000000E+001 1.0047642983E+002
1.6216666667E+001 1.0048198710E+002
1.6233333333E+001 1.0048742983E+002
1.6250000000E+001 1.0049276041E+002
1.6266666667E+001 1.0049798118E+002
1.6283333333E+001 1.0050309442E+002
1.6300000000E+001 1.0050810238E+002
1.6316666667E+001 1.0051300725E+002
1.6333333333E+001 1.0051781118E+002
1.6350000000E+001 1.0052251627E+002
1.6366666667E+001 1.0052712459E+002
1.6383333333E+001 1.0053163814E+002
1.6400000000E+001 1.0053605892E+002
1.6416666667E+001 1.0054038884E+002
1.6433333333E+001 1.0054462980E+002
1.6450000000E+001 1.0054878366E+002
1.6466666667E+001 1.0055285224E+002
1.6483333333E+001 1.0055683730E+002
1.6500000000E+001 1.0056074060E+002
1.6516666667E+001 1.0056456383E+002
1.6533333333E+001 1.0056830866E+002
1.6550000000E+001 1.0057197673E+002
1.6566666667E+001 1.0057556965E+002
1.6583333333E+001 1.0057908896E+002
1.6600000000E+001 1.0058253622E+002
1.6616666667E+001 1.0058591292E+002
1.6633333333E+001 1.0058922052E+002
1.6650000000E+001 1.0059246049E+002
1.6666666667E+001 1.0059563421E+002
1.6683333333E+001 1.0059874307E+002
1.6700000000E+001 1.0060178843E+002
1.6716666667E+001 1.0060477161E+002
1.6733333333E+001 1.0060769391E+002
1.6750000000E+001 1.0061055658E+002
1.6766666667E+001 1.0061336088E+002
1.6783333333E+001 1.0061610803E+002
1.6800000000E+001 1.0061879921E+002
1.6816666667E+001 1.0062143559E+002
1.6833333333E+001 1.0062401832E+002
1.6850000000E+001 1.0062654850E+002
1.6866666667E+001 1.0062902724E+002
1.6883333333E+001 1.0063145562E+002
1.6900000000E+001 1.0063383467E+002
1.6916666667E+001 1.0063616542E+002
1.6933333333E+001 1.0063844889E+002
1.6950000000E+001 1.0064068606E+002
1.6966666667E+001 1.0064287790E+002
1.6983333333E+001 1.0064502534E+002
1.7000000000E+001 1.0064712931E+002
1.7016666667E+001 1.0064919073E+002
1.7033333333E+001 1.0065121048E+002
1.7050000000E+001 1.0065318941E+002
1.7066666667E+001 1.0065512840E+002
1.7083333333E+001 1.0065702826E+002
1.7100000000E+001 1.0065888982E+002
1.7116666667E+001 1.0066071387E+002
1.7133333333E+001 1.0066250120E+002
1.7150000000E+001 1.0066425256E+002
1.7166666667E+001 1.0066596872E+002
1.7183333333E+001 1.0066765039E+002
1.7200000000E+001 1.0066929831E+002
1.7216666667E+001 1.0067091317E+002
1.7233333333E+001 1.0067249566E+002
1.7250000000E+001 1.0067404647E+002
1.7266666667E+001 1.0067556624E+002
1.7283333333E+001 1.0067705562E+002
1.7300000000E+001 1.0067851526E+002
1.7316666667E+001 1.0067994576E+002
1.7333333333E+001 1.0068134774E+002
1.7350000000E+001 1.0068272178E+002
1.7366666667E+001 1.0068406848E+002
1.7383333333E+001 1.0068538840E+002
1.7400000000E+001 1.0068668209E+002
1.7416666667E+001 1.0068795011E+002
1.7433333333E+001 1.0068919299E+002
1.7450000000E+001 1.0069041126E+002
1.7466666667E+001 1.0069160542E+002
1.7483333333E+001 1.0069277598E+002
1.7500000000E+001 1.0069392343E+002
1.7516666667E+001 1.0069504825E+002
1.7533333333E+001 1.0069615092E+002
1.7550000000E+001 1.0069723188E+002
1.7566666667E+001 1.0069829161E+002
1.7583333333E+001 1.0069933053E+002
1.7600000000E+001 1.0070034909E+002
1.7616666667E+001 1.0070134770E+002
1.7633333333E+001 1.0070232678E+002
1.7650000000E+001 1.0070328674E+002
1.7666666667E+001 1.0070422798E+002
1.7683333333E+001 1.0070515088E+002
1.7700000000E+001 1.0070605583E+002
1.7716666667E+001 1.0070694320E+002
1.7733333333E+001 1.0070781335E+002
1.7750000000E+001 1.0070866666E+002
1.7766666667E+001 1.0070950346E+002
1.7783333333E+001 1.0071032410E+002
1.7800000000E+001 1.0071112891E+002
1.7816666667E+001 1.0071191823E+002
1.7833333333E+001 1.0071269238E+002
1.7850000000E+001 1.0071345168E+002
1.7866666667E+001 1.0071419642E+002
1.7883333333E+001 1.0071492693E+002
1.7900000000E+001 1.0071564348E+002
1.7916666667E+001 1.0071634638E+002
1.7933333333E+001 1.0071703590E+002
1.7950000000E+001 1.0071771233E+002
1.7966666667E+001 1.0071837593E+002
1.7983333333E+001 1.0071902698E+002
1.8000000000E+001 1.0071966573E+002
1.8016666667E+001 1.0072029245E+002
1.8033333333E+001 1.0072090737E+002
1.8050000000E+001 1.0072151075E+002
1.8066666667E+001 1.0072210283E+002
1.8083333333E+001 1.0072268384E+002
1.8100000000E+001 1.0072325401E+002
1.8116666667E+001 1.0072381356E+002
1.8133333333E+001 1.0072436272E+002
1.8150000000E+001 1.0072490171E+002
1.8166666667E+001 1.0072543073E+002
1.8183333333E+001 1.0072594999E+002
1.8200000000E+001 1.0072645970E+002
1.8216666667E+001 1.0072696005E+002
1.8233333333E+001 1.0072745123E+002
1.8250000000E+001 1.0072793345E+002
1.8266666667E+001 1.0072840688E+002
1.8283333333E+001 1.0072887170E+002
1.8300000000E+001 1.0072932810E+002
1.8316666667E+001 1.0072977625E+002
1.8333333333E+001 1.0073021632E+002
1.8350000000E+001 1.0073064848E+002
1.8366666667E+001 1.0073107290E+002
1.8383333333E+001 1.0073148972E+002
1.8400000000E+001 1.0073189912E+002
1.8416666667E+001 1.0073230125E+002
1.8433333333E+001 1.0073269625E+002
1.8450000000E+001 1.0073308427E+002
1.8466666667E+001 1.0073346547E+002
1.8483333333E+001 1.0073383997E+002
1.8500000000E+001 1.0073420793E+002
1.8516666667E+001 1.0073456947E+002
1.8533333333E+001 1.0073492473E+002
1.8550000000E+001 1.0073527384E+002
1.8566666667E+001 1.0073561692E+002
1.8583333333E+001 1.0073595411E+002
1.8600000000E+001 1.0073628551E+002
1.8616666667E+001 1.0073661126E+002
1.8633333333E+001 1.0073693147E+002
1.8650000000E+001 1.0073724625E+002
1.8666666667E+001 1.0073755572E+002
1.8683333333E+001 1.0073785998E+002
1.8700000000E+001 1.0073815915E+002
1.8716666667E+001 1.0073845332E+002
1.8733333333E+001 1.0073874262E+002
1.8750000000E+001 1.0073902712E+002
1.8766666667E+001 1.0073930694E+002
1.8783333333E+001 1.0073958216E+002
1.8800000000E+001 1.0073985289E+002
1.8816666667E+001 1.0074011922E+002
1.8833333333E+001 1.0074038124E+002
1.8850000000E+001 1.0074063903E+002
1.8866666667E+001 1.0074089269E+002
1.8883333333E+001 1.0074114230E+002
1.8900000000E+001 1.0074138795E+002
1.8916666667E+001 1.0074162971E+002
1.8933333333E+001 1.0074186766E+002
1.8950000000E+001 1.0074210189E+002
1.8966666667E+001 1.0074233247E+002
1.8983333333E+001 1.0074255947E+002
1.9000000000E+001 1.0074278298E+002
1.9016666667E+001 1.0074300306E+002
1.9033333333E+001 1.0074321978E+002
1.9050000000E+001 1.0074343321E+002
1.9066666667E+001 1.0074364342E+002
1.9083333333E+001 1.0074385048E+002
1.9100000000E+001 1.0074405445E+002
1.9116666667E+001 1.0074425539E+002
1.9133333333E+001 1.0074445337E+002
1.9150000000E+001 1.0074464844E+002
1.9166666667E+001 1.0074484068E+002
1.9183333333E+001 1.0074503012E+002
1.9200000000E+001 1.0074521684E+002
1.9216666667E+001 1.0074540089E+002
1.9233333333E+001 1.0074558233E+002
1.9250000000E+001 1.0074576120E+002
1.9266666667E+001 1.0074593756E+002
1.9283333333E+001 1.0074611146E+002
1.9300000000E+001 1.0074628294E+002
1.9316666667E+001 1.0074645207E+002
1.9333333333E+001 1.0074661889E+002
1.9350000000E+001 1.0074678344E+002
1.9366666667E+001 1.0074694577E+002
1.9383333333E+001 1.0074710593E+002
1.9400000000E+001 1.0074726396E+002
1.9416666667E+001 1.0074741990E+002
1.9433333333E+001 1.0074757380E+002
1.9450000000E+001 1.0074772570E+002
1.9466666667E+001 1.0074787564E+002
1.9483333333E+001 1.0074802366E+002
1.9500000000E+001 1.0074816981E+002
1.9516666667E+001 1.0074831411E+002
1.9533333333E+001 1.0074845661E+002
1.9550000000E+001 1.0074859735E+002
1.9566666667E+001 1.0074873635E+002
1.9583333333E+001 1.0074887366E+002
1.9600000000E+001 1.0074900930E+002
1.9616666667E+001 1.0074914332E+002
1.9633333333E+001 1.0074927574E+002
1.9650000000E+001 1.0074940660E+002
1.9666666667E+001 1.0074953593E+002
1.9683333333E+001 1.0074966376E+002
1.9700000000E+001 1.0074979013E+002
1.9716666667E+001 1.0074991505E+002
1.9733333333E+001 1.0075003856E+002
1.9750000000E+001 1.0075016069E+002
1.9766666667E+001 1.0075028146E+002
1.9783333333E+001 1.0075040091E+002
1.9800000000E+001 1.0075051906E+002
1.9816666667E+001 1.0075063594E+002
1.9833333333E+001 1.0075075156E+002
1.9850000000E+001 1.0075086597E+002
1.9866666667E+001 1.0075097917E+002
1.9883333333E+001 1.0075109120E+002
1.9900000000E+001 1.0075120208E+002
1.9916666667E+001 1.0075131183E+002
1.9933333333E+001 1.0075142047E+002
1.9950000000E+001 1.0075152802E+002
1.9966666667E+001 1.0075163452E+002
1.9983333333E+001 1.0075173997E+002
2.0000000000E+001 1.0075184441E+002
