0.0000000000E+000 0.0000000000E+000
1.6666666667E-002 2.5833196903E+001
3.3333333333E-002 3.6116677901E+001
5.0000000000E-002 3.6382604845E+001
6.6666666667E-002 3.6549604493E+001
8.3333333333E-002 3.6657476223E+001
1.0000000000E-001 3.6727502724E+001
1.1666666667E-001 3.6771864811E+001
1.3333333333E-001 3.6797986680E+001
1.5000000000E-001 3.6810654954E+001
1.6666666667E-001 3.6812992698E+001
1.8333333333E-001 3.6806533666E+001
2.0000000000E-001 3.6900685186E+001
2.1666666667E-001 3.7221675294E+001
2.3333333333E-001 3.7512178298E+001
2.5000000000E-001 3.7775888513E+001
2.6666666667E-001 3.8015933952E+001
2.8333333333E-001 3.8234962936E+001
3.0000000000E-001 3.8435236061E+001
3.1666666667E-001 3.8618697641E+001
3.3333333333E-001 3.8787031762E+001
3.5000000000E-001 3.8941706666E+001
3.6666666667E-001 3.9084010180E+001
3.8333333333E-001 3.9215078232E+001
4.0000000000E-001 3.9335467956E+001
4.1666666667E-001 3.9446177122E+001
4.3333333333E-001 3.9548527485E+001
4.5000000000E-001 3.9643462011E+001
4.6666666667E-001 3.9731699638E+001
4.8333333333E-001 3.9813821045E+001
5.0000000000E-001 3.9890316360E+001
5.1666666667E-001 3.9961346437E+001
5.3333333333E-001 4.0025748272E+001
5.5000000000E-001 4.0085879796E+001
5.6666666667E-001 4.0141985131E+001
5.8333333333E-001 4.0194310511E+001
6.0000000000E-001 4.0243094603E+001
6.1666666667E-001 4.0288564180E+001
6.3333333333E-001 4.0330932584E+001
6.5000000000E-001 4.0369746031E+001
6.6666666667E-001 4.0404083379E+001
6.8333333333E-001 4.0435982550E+001
7.0000000000E-001 4.0465618679E+001
7.1666666667E-001 4.0493162922E+001
7.3333333333E-001 4.0518779331E+001
7.5000000000E-001 4.0542623484E+001
7.6666666667E-001 4.0564842088E+001
7.8333333333E-001 4.0585573071E+001
8.0000000000E-001 4.0604945904E+001
8.1666666667E-001 4.0623082026E+001
8.3333333333E-001 4.0640095310E+001
8.5000000000E-001 4.0656092520E+001
8.6666666667E-001 4.0671173763E+001
8.8333333333E-001 4.0685432904E+001
9.0000000000E-001 4.0698957972E+001
9.1666666667E-001 4.0711831521E+001
9.3333333333E-001 4.0724130981E+001
9.5000000000E-001 4.0735928977E+001
9.6666666667E-001 4.0747293630E+001
9.8333333333E-001 4.0758288836E+001
1.0000000000E+000 4.0768974523E+001
1.0166666667E+000 4.0779406898E+001
1.0333333333E+000 4.0789638671E+001
1.0500000000E+000 4.0799719263E+001
1.0666666667E+000 4.0809695010E+001
1.0833333333E+000 4.0819609341E+001
1.1000000000E+000 4.0829502952E+001
1.1166666667E+000 4.0839413970E+001
1.1333333333E+000 4.0849378097E+001
1.1500000000E+000 4.0859428756E+001
1.1666666667E+000 4.0869597222E+001
1.1833333333E+000 4.0879912742E+001
1.2000000000E+000 4.0890402656E+001
1.2166666667E+000 4.0901092500E+001
1.2333333333E+000 4.0912006112E+001
1.2500000000E+000 4.0923165725E+001
1.2666666667E+000 4.0934592057E+001
1.2833333333E+000 4.0946304396E+001
1.3000000000E+000 4.0958320676E+001
1.3166666667E+000 4.0970657557E+001
1.3333333333E+000 4.0983330488E+001
1.3500000000E+000 4.0996353779E+001
1.3666666667E+000 4.1009740660E+001
1.3833333333E+000 4.1023503338E+001
1.4000000000E+000 4.1037653054E+001
1.4166666667E+000 4.1052200135E+001
1.4333333333E+000 4.1067154042E+001
1.4500000000E+000 4.1082523416E+001
1.4666666667E+000 4.1098316122E+001
1.4833333333E+000 4.1114539292E+001
1.5000000000E+000 4.1131199359E+001
1.5166666667E+000 4.1148302099E+001
1.5333333333E+000 4.1165852662E+001
1.5500000000E+000 4.1183855609E+001
1.5666666667E+000 4.1202314937E+001
1.5833333333E+000 4.1221234115E+001
1.6000000000E+000 4.1240616108E+001
1.6166666667E+000 4.1260463405E+001
1.6333333333E+000 4.1280778042E+001
1.6500000000E+000 4.1301561630E+001
1.6666666667E+000 4.1322815372E+001
1.6833333333E+000 4.1344540091E+001
1.7000000000E+000 4.1366736243E+001
1.7166666667E+000 4.1389403943E+001
1.7333333333E+000 4.1412542980E+001
1.7500000000E+000 4.1436152832E+001
1.7666666667E+000 4.1460232690E+001
1.7833333333E+000 4.1484781466E+001
1.8000000000E+000 4.1509797812E+001
1.8166666667E+000 4.1535280134E+001
1.8333333333E+000 4.1561226605E+001
1.8500000000E+000 4.1587635177E+001
1.8666666667E+000 4.1614503596E+001
1.8833333333E+000 4.1641829410E+001
1.9000000000E+000 4.1669609985E+001
1.9166666667E+000 4.1697842510E+001
1.9333333333E+000 4.1726524010E+001
1.9500000000E+000 4.1755651359E+001
1.9666666667E+000 4.1785221283E+001
1.9833333333E+000 4.1815230371E+001
2.0000000000E+000 4.1845675085E+001
2.0166666667E+000 4.1876551769E+001
2.0333333333E+000 4.1907856652E+001
2.0500000000E+000 4.1939585859E+001
2.0666666667E+000 4.1971735417E+001
2.0833333333E+000 4.2004301260E+001
2.1000000000E+000 4.2037279239E+001
2.1166666667E+000 4.2070665125E+001
2.1333333333E+000 4.2104454616E+001
2.1500000000E+000 4.2138643340E+001
2.1666666667E+000 4.2173226867E+001
2.1833333333E+000 4.2208200705E+001
2.2000000000E+000 4.2243560313E+001
2.2166666667E+000 4.2279301098E+001
2.2333333333E+000 4.2315418426E+001
2.2500000000E+000 4.2351907624E+001
2.2666666667E+000 4.2388763981E+001
2.2833333333E+000 4.2425982757E+001
2.3000000000E+000 4.2463559182E+001
2.3166666667E+000 4.2501488462E+001
2.3333333333E+000 4.2539765783E+001
2.3500000000E+000 4.2578386311E+001
2.3666666667E+000 4.2617345199E+001
2.3833333333E+000 4.2656637587E+001
2.4000000000E+000 4.2696258605E+001
2.4166666667E+000 4.2736203379E+001
2.4333333333E+000 4.2776467029E+001
2.4500000000E+000 4.2817044672E+001
2.4666666667E+000 4.2857931429E+001
2.4833333333E+000 4.2899122422E+001
2.5000000000E+000 4.2940612778E+001
2.5166666667E+000 4.2982397631E+001
2.5333333333E+000 4.3024472125E+001
2.5500000000E+000 4.3066831414E+001
2.5666666667E+000 4.3109470664E+001
2.5833333333E+000 4.3152385055E+001
2.6000000000E+000 4.3195569785E+001
2.6166666667E+000 4.3239020066E+001
2.6333333333E+000 4.3282731131E+001
2.6500000000E+000 4.3326698232E+001
2.6666666667E+000 4.3370916644E+001
2.6833333333E+000 4.3415381661E+001
2.7000000000E+000 4.3460088604E+001
2.7166666667E+000 4.3505032818E+001
2.7333333333E+000 4.3550209674E+001
2.7500000000E+000 4.3595614569E+001
2.7666666667E+000 4.3641242927E+001
2.7833333333E+000 4.3687090204E+001
2.8000000000E+000 4.3733151884E+001
2.8166666667E+000 4.3779423479E+001
2.8333333333E+000 4.3825900535E+001
2.8500000000E+000 4.3872578629E+001
2.8666666667E+000 4.3919453371E+001
2.8833333333E+000 4.3966520402E+001
2.9000000000E+000 4.4013775400E+001
2.9166666667E+000 4.4061214074E+001
2.9333333333E+000 4.4108832171E+001
2.9500000000E+000 4.4156625470E+001
2.9666666667E+000 4.4204589787E+001
2.9833333333E+000 4.4252720975E+001
3.0000000000E+000 4.4301014923E+001
3.0166666667E+000 4.4349467556E+001
3.0333333333E+000 4.4398074837E+001
3.0500000000E+000 4.4446832766E+001
3.0666666667E+000 4.4495737382E+001
3.0833333333E+000 4.4544784760E+001
3.1000000000E+000 4.4593971014E+001
3.1166666667E+000 4.4643292296E+001
3.1333333333E+000 4.4692744799E+001
3.1500000000E+000 4.4742324751E+001
3.1666666667E+000 4.4792028422E+001
3.1833333333E+000 4.4841852119E+001
3.2000000000E+000 4.4891792188E+001
3.2166666667E+000 4.4941845016E+001
3.2333333333E+000 4.4992007028E+001
3.2500000000E+000 4.5042274687E+001
3.2666666667E+000 4.5092644498E+001
3.2833333333E+000 4.5143113003E+001
3.3000000000E+000 4.5193676784E+001
3.3166666667E+000 4.5244332462E+001
3.3333333333E+000 4.5295076697E+001
3.3500000000E+000 4.5345906190E+001
3.3666666667E+000 4.5396817678E+001
3.3833333333E+000 4.5447807940E+001
3.4000000000E+000 4.5498873791E+001
3.4166666667E+000 4.5550012086E+001
3.4333333333E+000 4.5601219721E+001
3.4500000000E+000 4.5652493626E+001
3.4666666667E+000 4.5703830774E+001
3.4833333333E+000 4.5755228173E+001
3.5000000000E+000 4.5806682870E+001
3.5166666667E+000 4.5858191950E+001
3.5333333333E+000 4.5909752538E+001
3.5500000000E+000 4.5961361792E+001
3.5666666667E+000 4.6013016913E+001
3.5833333333E+000 4.6064715133E+001
3.6000000000E+000 4.6116453728E+001
3.6166666667E+000 4.6168230004E+001
3.6333333333E+000 4.6220041309E+001
3.6500000000E+000 4.6271885024E+001
3.6666666667E+000 4.6323758568E+001
3.6833333333E+000 4.6375659396E+001
3.7000000000E+000 4.6427584996E+001
3.7166666667E+000 4.6479532896E+001
3.7333333333E+000 4.6531500656E+001
3.7500000000E+000 4.6583485872E+001
3.7666666667E+000 4.6635486174E+001
3.7833333333E+000 4.6687499227E+001
3.8000000000E+000 4.6739522731E+001
3.8166666667E+000 4.6791554419E+001
3.8333333333E+000 4.6843592057E+001
3.8500000000E+000 4.6895633447E+001
3.8666666667E+000 4.6947676421E+001
3.8833333333E+000 4.6999718847E+001
3.9000000000E+000 4.7051758622E+001
3.9166666667E+000 4.7103793679E+001
3.9333333333E+000 4.7155821980E+001
3.9500000000E+000 4.7207841521E+001
3.9666666667E+000 4.7259850329E+001
3.9833333333E+000 4.7311846461E+001
4.0000000000E+000 4.7363828006E+001
4.0166666667E+000 4.7415793083E+001
4.0333333333E+000 4.7467739841E+001
4.0500000000E+000 4.7519666461E+001
4.0666666667E+000 4.7571571153E+001
4.0833333333E+000 4.7623452153E+001
4.1000000000E+000 4.7675307732E+001
4.1166666667E+000 4.7727136185E+001
4.1333333333E+000 4.7778935839E+001
4.1500000000E+000 4.7830705047E+001
4.1666666667E+000 4.7882442190E+001
4.1833333333E+000 4.7934145678E+001
4.2000000000E+000 4.7985813949E+001
4.2166666667E+000 4.8037445466E+001
4.2333333333E+000 4.8089038719E+001
4.2500000000E+000 4.8140592227E+001
4.2666666667E+000 4.8192104533E+001
4.2833333333E+000 4.8243574206E+001
4.3000000000E+000 4.8294999842E+001
4.3166666667E+000 4.8346380061E+001
4.3333333333E+000 4.8397713509E+001
4.3500000000E+000 4.8448998857E+001
4.3666666667E+000 4.8500234799E+001
4.3833333333E+000 4.8551420055E+001
4.4000000000E+000 4.8602553368E+001
4.4166666667E+000 4.8653633505E+001
4.4333333333E+000 4.8704659257E+001
4.4500000000E+000 4.8755629435E+001
4.4666666667E+000 4.8806542878E+001
4.4833333333E+000 4.8857398443E+001
4.5000000000E+000 4.8908195012E+001
4.5166666667E+000 4.8958931488E+001
4.5333333333E+000 4.9009606795E+001
4.5500000000E+000 4.9060219880E+001
4.5666666667E+000 4.9110769710E+001
4.5833333333E+000 4.9161255274E+001
4.6000000000E+000 4.9211675581E+001
4.6166666667E+000 4.9262029660E+001
4.6333333333E+000 4.9312316561E+001
4.6500000000E+000 4.9362535354E+001
4.6666666667E+000 4.9412685127E+001
4.6833333333E+000 4.9462764990E+001
4.7000000000E+000 4.9512774069E+001
4.7166666667E+000 4.9562711511E+001
4.7333333333E+000 4.9612576482E+001
4.7500000000E+000 4.9662368164E+001
4.7666666667E+000 4.9712085760E+001
4.7833333333E+000 4.9761728489E+001
4.8000000000E+000 4.9811295587E+001
4.8166666667E+000 4.9860786310E+001
4.8333333333E+000 4.9910199929E+001
4.8500000000E+000 4.9959535733E+001
4.8666666667E+000 5.0008793026E+001
4.8833333333E+000 5.0057971131E+001
4.9000000000E+000 5.0107069386E+001
4.9166666667E+000 5.0156087144E+001
4.9333333333E+000 5.0205023774E+001
4.9500000000E+000 5.0253878663E+001
4.9666666667E+000 5.0302651211E+001
4.9833333333E+000 5.0351340833E+001
5.0000000000E+000 5.0399946961E+001
5.0166666667E+000 5.0448469038E+001
5.0333333333E+000 5.0496906525E+001
5.0500000000E+000 5.0545258896E+001
5.0666666667E+000 5.0593525639E+001
5.0833333333E+000 5.0641706255E+001
5.1000000000E+000 5.0689800260E+001
5.1166666667E+000 5.0737807183E+001
5.1333333333E+000 5.0785726565E+001
5.1500000000E+000 5.0833557963E+001
5.1666666667E+000 5.0881300943E+001
5.1833333333E+000 5.0928955087E+001
5.2000000000E+000 5.0976519987E+001
5.2166666667E+000 5.1023995249E+001
5.2333333333E+000 5.1071380490E+001
5.2500000000E+000 5.1118675339E+001
5.2666666667E+000 5.1165879437E+001
5.2833333333E+000 5.1212992437E+001
5.3000000000E+000 5.1260014003E+001
5.3166666667E+000 5.1306943808E+001
5.3333333333E+000 5.1353781540E+001
5.3500000000E+000 5.1400526895E+001
5.3666666667E+000 5.1447179580E+001
5.3833333333E+000 5.1493739314E+001
5.4000000000E+000 5.1540205824E+001
5.4166666667E+000 5.1586578848E+001
5.4333333333E+000 5.1632858135E+001
5.4500000000E+000 5.1679043444E+001
5.4666666667E+000 5.1725134541E+001
5.4833333333E+000 5.1771131204E+001
5.5000000000E+000 5.1817033220E+001
5.5166666667E+000 5.1862840384E+001
5.5333333333E+000 5.1908552501E+001
5.5500000000E+000 5.1954169385E+001
5.5666666667E+000 5.1999690858E+001
5.5833333333E+000 5.2045116751E+001
5.6000000000E+000 5.2090446904E+001
5.6166666667E+000 5.2135681165E+001
5.6333333333E+000 5.2180819389E+001
5.6500000000E+000 5.2225861440E+001
5.6666666667E+000 5.2270807191E+001
5.6833333333E+000 5.2315656521E+001
5.7000000000E+000 5.2360409316E+001
5.7166666667E+000 5.2405065472E+001
5.7333333333E+000 5.2449624891E+001
5.7500000000E+000 5.2494087482E+001
5.7666666667E+000 5.2538453162E+001
5.7833333333E+000 5.2582721853E+001
5.8000000000E+000 5.2626893486E+001
5.8166666667E+000 5.2670967999E+001
5.8333333333E+000 5.2714945334E+001
5.8500000000E+000 5.2758825441E+001
5.8666666667E+000 5.2802608277E+001
5.8833333333E+000 5.2846293805E+001
5.9000000000E+000 5.2889881994E+001
5.9166666667E+000 5.2933372818E+001
5.9333333333E+000 5.2976766258E+001
5.9500000000E+000 5.3020062300E+001
5.9666666667E+000 5.3063260938E+001
5.9833333333E+000 5.3106362168E+001
6.0000000000E+000 5.3149365995E+001
6.0166666667E+000 5.3192272426E+001
6.0333333333E+000 5.3235081477E+001
6.0500000000E+000 5.3277793166E+001
6.0666666667E+000 5.3320407518E+001
6.0833333333E+000 5.3362924562E+001
6.1000000000E+000 5.3405344332E+001
6.1166666667E+000 5.3447666867E+001
6.1333333333E+000 5.3489892211E+001
6.1500000000E+000 5.3532020412E+001
6.1666666667E+000 5.3574051524E+001
6.1833333333E+000 5.3615985602E+001
6.2000000000E+000 5.3657822710E+001
6.2166666667E+000 5.3699562913E+001
6.2333333333E+000 5.3741206282E+001
6.2500000000E+000 5.3782752889E+001
6.2666666667E+000 5.3824202814E+001
6.2833333333E+000 5.3865556138E+001
6.3000000000E+000 5.3906812947E+001
6.3166666667E+000 5.3947973332E+001
6.3333333333E+000 5.3989037385E+001
6.3500000000E+000 5.4030005204E+001
6.3666666667E+000 5.4070876889E+001
6.3833333333E+000 5.4111652543E+001
6.4000000000E+000 5.4152332276E+001
6.4166666667E+000 5.4192916196E+001
6.4333333333E+000 5.4233404418E+001
6.4500000000E+000 5.4273797059E+001
6.4666666667E+000 5.4314094239E+001
6.4833333333E+000 5.4354296081E+001
6.5000000000E+000 5.4394402713E+001
6.5166666667E+000 5.4434414261E+001
6.5333333333E+000 5.4474330860E+001
6.5500000000E+000 5.4514152642E+001
6.5666666667E+000 5.4553879746E+001
6.5833333333E+000 5.4593512312E+001
6.6000000000E+000 5.4633050482E+001
6.6166666667E+000 5.4672494401E+001
6.6333333333E+000 5.4711844216E+001
6.6500000000E+000 5.4751100079E+001
6.6666666667E+000 5.4790262141E+001
6.6833333333E+000 5.4829330557E+001
6.7000000000E+000 5.4868305483E+001
6.7166666667E+000 5.4907187079E+001
6.7333333333E+000 5.4945975505E+001
6.7500000000E+000 5.4984670926E+001
6.7666666667E+000 5.5023273506E+001
6.7833333333E+000 5.5061783412E+001
6.8000000000E+000 5.5100200814E+001
6.8166666667E+000 5.5138525882E+001
6.8333333333E+000 5.5176758790E+001
6.8500000000E+000 5.5214899712E+001
6.8666666667E+000 5.5252948824E+001
6.8833333333E+000 5.5290906304E+001
6.9000000000E+000 5.5328772332E+001
6.9166666667E+000 5.5366547089E+001
6.9333333333E+000 5.5404230758E+001
6.9500000000E+000 5.5441823523E+001
6.9666666667E+000 5.5479325570E+001
6.9833333333E+000 5.5516737086E+001
7.0000000000E+000 5.5554058259E+001
7.0166666667E+000 5.5591289279E+001
7.0333333333E+000 5.5628430338E+001
7.0500000000E+000 5.5665481627E+001
7.0666666667E+000 5.5702443340E+001
7.0833333333E+000 5.5739315673E+001
7.1000000000E+000 5.5776098820E+001
7.1166666667E+000 5.5812792979E+001
7.1333333333E+000 5.5849398349E+001
7.1500000000E+000 5.5885915127E+001
7.1666666667E+000 5.5922343514E+001
7.1833333333E+000 5.5958683712E+001
7.2000000000E+000 5.5994935921E+001
7.2166666667E+000 5.6031100346E+001
7.2333333333E+000 5.6067177190E+001
7.2500000000E+000 5.6103166657E+001
7.2666666667E+000 5.6139068952E+001
7.2833333333E+000 5.6174884283E+001
7.3000000000E+000 5.6210612855E+001
7.3166666667E+000 5.6246254877E+001
7.3333333333E+000 5.6281810557E+001
7.3500000000E+000 5.6317280103E+001
7.3666666667E+000 5.6352663725E+001
7.3833333333E+000 5.6387961633E+001
7.4000000000E+000 5.6423174039E+001
7.4166666667E+000 5.6458301153E+001
7.4333333333E+000 5.6493343186E+001
7.4500000000E+000 5.6528300352E+001
7.4666666667E+000 5.6563172864E+001
7.4833333333E+000 5.6597960933E+001
7.5000000000E+000 5.6632664774E+001
7.5166666667E+000 5.6667284601E+001
7.5333333333E+000 5.6701820629E+001
7.5500000000E+000 5.6736273071E+001
7.5666666667E+000 5.6770642143E+001
7.5833333333E+000 5.6804928060E+001
7.6000000000E+000 5.6839131038E+001
7.6166666667E+000 5.6873251293E+001
7.6333333333E+000 5.6907289041E+001
7.6500000000E+000 5.6941244498E+001
7.6666666667E+000 5.6975117881E+001
7.6833333333E+000 5.7008909406E+001
7.7000000000E+000 5.7042619291E+001
7.7166666667E+000 5.7076247752E+001
7.7333333333E+000 5.7109795007E+001
7.7500000000E+000 5.7143261273E+001
7.7666666667E+000 5.7176646766E+001
7.7833333333E+000 5.7209951705E+001
7.8000000000E+000 5.7243176308E+001
7.8166666667E+000 5.7276320790E+001
7.8333333333E+000 5.7309385371E+001
7.8500000000E+000 5.7342370268E+001
7.8666666667E+000 5.7375275697E+001
7.8833333333E+000 5.7408101877E+001
7.9000000000E+000 5.7440849026E+001
7.9166666667E+000 5.7473517359E+001
7.9333333333E+000 5.7506107096E+001
7.9500000000E+000 5.7538618452E+001
7.9666666667E+000 5.7571051646E+001
7.9833333333E+000 5.7603406894E+001
8.0000000000E+000 5.7635684413E+001
8.0166666667E+000 5.7667884419E+001
8.0333333333E+000 5.7700007131E+001
8.0500000000E+000 5.7732052763E+001
8.0666666667E+000 5.7764021532E+001
8.0833333333E+000 5.7795913655E+001
8.1000000000E+000 5.7827729347E+001
8.1166666667E+000 5.7859468824E+001
8.1333333333E+000 5.7891132301E+001
8.1500000000E+000 5.7922719994E+001
8.1666666667E+000 5.7954232118E+001
8.1833333333E+000 5.7985668886E+001
8.2000000000E+000 5.8017030515E+001
8.2166666667E+000 5.8048317218E+001
8.2333333333E+000 5.8079529208E+001
8.2500000000E+000 5.8110666700E+001
8.2666666667E+000 5.8141729907E+001
8.2833333333E+000 5.8172719042E+001
8.3000000000E+000 5.8203634317E+001
8.3166666667E+000 5.8234475946E+001
8.3333333333E+000 5.8265244139E+001
8.3500000000E+000 5.8295939109E+001
8.3666666667E+000 5.8326561067E+001
8.3833333333E+000 5.8357110224E+001
8.4000000000E+000 5.8387586791E+001
8.4166666667E+000 5.8417990977E+001
8.4333333333E+000 5.8448322994E+001
8.4500000000E+000 5.8478583049E+001
8.4666666667E+000 5.8508771353E+001
8.4833333333E+000 5.8538888114E+001
8.5000000000E+000 5.8568933539E+001
8.5166666667E+000 5.8598907838E+001
8.5333333333E+000 5.8628811218E+001
8.5500000000E+000 5.8658643884E+001
8.5666666667E+000 5.8688406045E+001
8.5833333333E+000 5.8718097906E+001
8.6000000000E+000 5.8747719673E+001
8.6166666667E+000 5.8777271551E+001
8.6333333333E+000 5.8806753745E+001
8.6500000000E+000 5.8836166458E+001
8.6666666667E+000 5.8865509896E+001
8.6833333333E+000 5.8894784262E+001
8.7000000000E+000 5.8923989757E+001
8.7166666667E+000 5.8953126586E+001
8.7333333333E+000 5.8982194949E+001
8.7500000000E+000 5.9011195048E+001
8.7666666667E+000 5.9040127084E+001
8.7833333333E+000 5.9068991258E+001
8.8000000000E+000 5.9097787770E+001
8.8166666667E+000 5.9126516819E+001
8.8333333333E+000 5.9155178603E+001
8.8500000000E+000 5.9183773322E+001
8.8666666667E+000 5.9212301174E+001
8.8833333333E+000 5.9240762356E+001
8.9000000000E+000 5.9269157064E+001
8.9166666667E+000 5.9297485495E+001
8.9333333333E+000 5.9325747846E+001
8.9500000000E+000 5.9353944311E+001
8.9666666667E+000 5.9382075085E+001
8.9833333333E+000 5.9410140363E+001
9.0000000000E+000 5.9438140338E+001
9.0166666667E+000 5.9466075203E+001
9.0333333333E+000 5.9493945151E+001
9.0500000000E+000 5.9521750375E+001
9.0666666667E+000 5.9549491065E+001
9.0833333333E+000 5.9577167413E+001
9.1000000000E+000 5.9604779609E+001
9.1166666667E+000 5.9632327844E+001
9.1333333333E+000 5.9659812306E+001
9.1500000000E+000 5.9687233185E+001
9.1666666667E+000 5.9714590668E+001
9.1833333333E+000 5.9741884944E+001
9.2000000000E+000 5.9769116199E+001
9.2166666667E+000 5.9796284620E+001
9.2333333333E+000 5.9823390393E+001
9.2500000000E+000 5.9850433704E+001
9.2666666667E+000 5.9877414738E+001
9.2833333333E+000 5.9904333679E+001
9.3000000000E+000 5.9931190710E+001
9.3166666667E+000 5.9957986015E+001
9.3333333333E+000 5.9984719776E+001
9.3500000000E+000 6.0011392177E+001
9.3666666667E+000 6.0038003397E+001
9.3833333333E+000 6.0064553618E+001
9.4000000000E+000 6.0091043021E+001
9.4166666667E+000 6.0117471785E+001
9.4333333333E+000 6.0143840090E+001
9.4500000000E+000 6.0170148114E+001
9.4666666667E+000 6.0196396035E+001
9.4833333333E+000 6.0222584031E+001
9.5000000000E+000 6.0248712278E+001
9.5166666667E+000 6.0274780954E+001
9.5333333333E+000 6.0300790233E+001
9.5500000000E+000 6.0326740292E+001
9.5666666667E+000 6.0352631304E+001
9.5833333333E+000 6.0378463445E+001
9.6000000000E+000 6.0404236887E+001
9.6166666667E+000 6.0429951803E+001
9.6333333333E+000 6.0455608366E+001
9.6500000000E+000 6.0481206747E+001
9.6666666667E+000 6.0506747119E+001
9.6833333333E+000 6.0532229651E+001
9.7000000000E+000 6.0557654513E+001
9.7166666667E+000 6.0583021876E+001
9.7333333333E+000 6.0608331907E+001
9.7500000000E+000 6.0633584776E+001
9.7666666667E+000 6.0658780651E+001
9.7833333333E+000 6.0683919698E+001
9.8000000000E+000 6.0709002084E+001
9.8166666667E+000 6.0734027975E+001
9.8333333333E+000 6.0758997537E+001
9.8500000000E+000 6.0783910936E+001
9.8666666667E+000 6.0808768334E+001
9.8833333333E+000 6.0833569897E+001
9.9000000000E+000 6.0858315787E+001
9.9166666667E+000 6.0883006168E+001
9.9333333333E+000 6.0907641201E+001
9.9500000000E+000 6.0932221048E+001
9.9666666667E+000 6.0956745870E+001
9.9833333333E+000 6.0981215827E+001
1.0000000000E+001 6.1005631081E+001
1.0016666667E+001 6.1029991789E+001
1.0033333333E+001 6.1054298111E+001
1.0050000000E+001 6.1078550205E+001
1.0066666667E+001 6.1102748228E+001
1.0083333333E+001 6.1126892339E+001
1.0100000000E+001 6.1150982693E+001
1.0116666667E+001 6.1175019447E+001
1.0133333333E+001 6.1199002756E+001
1.0150000000E+001 6.1222932775E+001
1.0166666667E+001 6.1246809659E+001
1.0183333333E+001 6.1270633561E+001
1.0200000000E+001 6.1294404636E+001
1.0216666667E+001 6.1318123034E+001
1.0233333333E+001 6.1341788910E+001
1.0250000000E+001 6.1365402414E+001
1.0266666667E+001 6.1388963698E+001
1.0283333333E+001 6.1412472912E+001
1.0300000000E+001 6.1435930207E+001
1.0316666667E+001 6.1459335733E+001
1.0333333333E+001 6.1482689637E+001
1.0350000000E+001 6.1505992069E+001
1.0366666667E+001 6.1529243177E+001
1.0383333333E+001 6.1552443107E+001
1.0400000000E+001 6.1575592008E+001
1.0416666667E+001 6.1598690026E+001
1.0433333333E+001 6.1621737305E+001
1.0450000000E+001 6.1644733993E+001
1.0466666667E+001 6.1667680232E+001
1.0483333333E+001 6.1690576169E+001
1.0500000000E+001 6.1713421947E+001
1.0516666667E+001 6.1736217708E+001
1.0533333333E+001 6.1758963596E+001
1.0550000000E+001 6.1781659753E+001
1.0566666667E+001 6.1804306320E+001
1.0583333333E+001 6.1826903440E+001
1.0600000000E+001 6.1849451252E+001
1.0616666667E+001 6.1871949897E+001
1.0633333333E+001 6.1894399514E+001
1.0650000000E+001 6.1916800244E+001
1.0666666667E+001 6.1939152223E+001
1.0683333333E+001 6.1961455592E+001
1.0700000000E+001 6.1983710486E+001
1.0716666667E+001 6.2005917045E+001
1.0733333333E+001 6.2028075403E+001
1.0750000000E+001 6.2050185698E+001
1.0766666667E+001 6.2072248066E+001
1.0783333333E+001 6.2094262640E+001
1.0800000000E+001 6.2116229557E+001
1.0816666667E+001 6.2138148951E+001
1.0833333333E+001 6.2160020954E+001
1.0850000000E+001 6.2181845701E+001
1.0866666667E+001 6.2203623325E+001
1.0883333333E+001 6.2225353956E+001
1.0900000000E+001 6.2247037729E+001
1.0916666667E+001 6.2268674773E+001
1.0933333333E+001 6.2290265220E+001
1.0950000000E+001 6.2311809200E+001
1.0966666667E+001 6.2333306843E+001
1.0983333333E+001 6.2354758279E+001
1.1000000000E+001 6.2376163636E+001
1.1016666667E+001 6.2397523044E+001
1.1033333333E+001 6.2418836629E+001
1.1050000000E+001 6.2440104521E+001
1.1066666667E+001 6.2461326845E+001
1.1083333333E+001 6.2482503729E+001
1.1100000000E+001 6.2503635298E+001
1.1116666667E+001 6.2524721679E+001
1.1133333333E+001 6.2545762998E+001
1.1150000000E+001 6.2566759377E+001
1.1166666667E+001 6.2587710944E+001
1.1183333333E+001 6.2608617820E+001
1.1200000000E+001 6.2629480130E+001
1.1216666667E+001 6.2650297996E+001
1.1233333333E+001 6.2671071542E+001
1.1250000000E+001 6.2691800889E+001
1.1266666667E+001 6.2712486160E+001
1.1283333333E+001 6.2733127475E+001
1.1300000000E+001 6.2753724956E+001
1.1316666667E+001 6.2774278722E+001
1.1333333333E+001 6.2794788894E+001
1.1350000000E+001 6.2815255592E+001
1.1366666667E+001 6.2835678934E+001
1.1383333333E+001 6.2856059039E+001
1.1400000000E+001 6.2876396025E+001
1.1416666667E+001 6.2896690011E+001
1.1433333333E+001 6.2916941114E+001
1.1450000000E+001 6.2937149450E+001
1.1466666667E+001 6.2957315136E+001
1.1483333333E+001 6.2977438289E+001
1.1500000000E+001 6.2997519023E+001
1.1516666667E+001 6.3017557456E+001
1.1533333333E+001 6.3037553700E+001
1.1550000000E+001 6.3057507872E+001
1.1566666667E+001 6.3077420084E+001
1.1583333333E+001 6.3097290450E+001
1.1600000000E+001 6.3117119085E+001
1.1616666667E+001 6.3136906100E+001
1.1633333333E+001 6.3156651609E+001
1.1650000000E+001 6.3176355722E+001
1.1666666667E+001 6.3196018552E+001
1.1683333333E+001 6.3215640211E+001
1.1700000000E+001 6.3235220808E+001
1.1716666667E+001 6.3254760454E+001
1.1733333333E+001 6.3274259260E+001
1.1750000000E+001 6.3293717335E+001
1.1766666667E+001 6.3313134789E+001
1.1783333333E+001 6.3332511729E+001
1.1800000000E+001 6.3351848266E+001
1.1816666667E+001 6.3371144506E+001
1.1833333333E+001 6.3390400557E+001
1.1850000000E+001 6.3409616528E+001
1.1866666667E+001 6.3428792524E+001
1.1883333333E+001 6.3447928653E+001
1.1900000000E+001 6.3467025020E+001
1.1916666667E+001 6.3486081732E+001
1.1933333333E+001 6.3505098894E+001
1.1950000000E+001 6.3524076610E+001
1.1966666667E+001 6.3543014987E+001
1.1983333333E+001 6.3561914127E+001
1.2000000000E+001 6.3580774135E+001
1.2016666667E+001 6.3599595115E+001
1.2033333333E+001 6.3618377169E+001
1.2050000000E+001 6.3637120402E+001
1.2066666667E+001 6.3655824914E+001
1.2083333333E+001 6.3674490808E+001
1.2100000000E+001 6.3693118187E+001
1.2116666667E+001 6.3711707151E+001
1.2133333333E+001 6.3730257802E+001
1.2150000000E+001 6.3748770240E+001
1.2166666667E+001 6.3767244565E+001
1.2183333333E+001 6.3785680878E+001
1.2200000000E+001 6.3804079279E+001
1.2216666667E+001 6.3822439865E+001
1.2233333333E+001 6.3840762738E+001
1.2250000000E+001 6.3859047994E+001
1.2266666667E+001 6.3877295733E+001
1.2283333333E+001 6.3895506052E+001
1.2300000000E+001 6.3913679050E+001
1.2316666667E+001 6.3931814822E+001
1.2333333333E+001 6.3949913466E+001
1.2350000000E+001 6.3967975079E+001
1.2366666667E+001 6.3985999757E+001
1.2383333333E+001 6.4003987595E+001
1.2400000000E+001 6.4021938690E+001
1.2416666667E+001 6.4039853136E+001
1.2433333333E+001 6.4057731028E+001
1.2450000000E+001 6.4075572462E+001
1.2466666667E+001 6.4093377530E+001
1.2483333333E+001 6.4111146328E+001
1.2500000000E+001 6.4128878949E+001
1.2516666667E+001 6.4146575485E+001
1.2533333333E+001 6.4164236030E+001
1.2550000000E+001 6.4181860677E+001
1.2566666667E+001 6.4199449518E+001
1.2583333333E+001 6.4217002644E+001
1.2600000000E+001 6.4234520148E+001
1.2616666667E+001 6.4252002121E+001
1.2633333333E+001 6.4269448654E+001
1.2650000000E+001 6.4286859837E+001
1.2666666667E+001 6.4304235762E+001
1.2683333333E+001 6.4321576517E+001
1.2700000000E+001 6.4338882194E+001
1.2716666667E+001 6.4356152881E+001
1.2733333333E+001 6.4373388667E+001
1.2750000000E+001 6.4390589642E+001
1.2766666667E+001 6.4407755894E+001
1.2783333333E+001 6.4424887512E+001
1.2800000000E+001 6.4441984583E+001
1.2816666667E+001 6.4459047195E+001
1.2833333333E+001 6.4476075435E+001
1.2850000000E+001 6.4493069391E+001
1.2866666667E+001 6.4510029149E+001
1.2883333333E+001 6.4526954796E+001
1.2900000000E+001 6.4543846417E+001
1.2916666667E+001 6.4560704100E+001
1.2933333333E+001 6.4577527929E+001
1.2950000000E+001 6.4594317990E+001
1.2966666667E+001 6.4611074368E+001
1.2983333333E+001 6.4627797147E+001
1.3000000000E+001 6.4644486413E+001
1.3016666667E+001 6.4661142249E+001
1.3033333333E+001 6.4677764739E+001
1.3050000000E+001 6.4694353967E+001
1.3066666667E+001 6.4710910016E+001
1.3083333333E+001 6.4727432969E+001
1.3100000000E+001 6.4743922910E+001
1.3116666667E+001 6.4760379920E+001
1.3133333333E+001 6.4776804081E+001
1.3150000000E+001 6.4793195476E+001
1.3166666667E+001 6.4809554187E+001
1.3183333333E+001 6.4825880295E+001
1.3200000000E+001 6.4842173880E+001
1.3216666667E+001 6.4858435024E+001
1.3233333333E+001 6.4874663808E+001
1.3250000000E+001 6.4890860312E+001
1.3266666667E+001 6.4907024615E+001
1.3283333333E+001 6.4923156798E+001
1.3300000000E+001 6.4939256940E+001
1.3316666667E+001 6.4955325121E+001
1.3333333333E+001 6.4971361419E+001
1.3350000000E+001 6.4987365913E+001
1.3366666667E+001 6.5003338682E+001
1.3383333333E+001 6.5019279804E+001
1.3400000000E+001 6.5035189357E+001
1.3416666667E+001 6.5051067419E+001
1.3433333333E+001 6.5066914066E+001
1.3450000000E+001 6.5082729377E+001
1.3466666667E+001 6.5098513429E+001
1.3483333333E+001 6.5114266297E+001
1.3500000000E+001 6.5129988059E+001
1.3516666667E+001 6.5145678790E+001
1.3533333333E+001 6.5161338567E+001
1.3550000000E+001 6.5176967466E+001
1.3566666667E+001 6.5192565561E+001
1.3583333333E+001 6.5208132929E+001
1.3600000000E+001 6.5223669643E+001
1.3616666667E+001 6.5239175779E+001
1.3633333333E+001 6.5254651411E+001
1.3650000000E+001 6.5270096614E+001
1.3666666667E+001 6.5285511461E+001
1.3683333333E+001 6.5300896027E+001
1.3700000000E+001 6.5316250384E+001
1.3716666667E+001 6.5331574607E+001
1.3733333333E+001 6.5346868767E+001
1.3750000000E+001 6.5362132939E+001
1.3766666667E+001 6.5377367194E+001
1.3783333333E+001 6.5392571604E+001
1.3800000000E+001 6.5407746243E+001
1.3816666667E+001 6.5422891182E+001
1.3833333333E+001 6.5438006492E+001
1.3850000000E+001 6.5453092246E+001
1.3866666667E+001 6.5468148513E+001
1.3883333333E+001 6.5483175366E+001
1.3900000000E+001 6.5498172874E+001
1.3916666667E+001 6.5513141109E+001
1.3933333333E+001 6.5528080140E+001
1.3950000000E+001 6.5542990039E+001
1.3966666667E+001 6.5557870874E+001
1.3983333333E+001 6.5572722715E+001
1.4000000000E+001 6.5587545632E+001
1.4016666667E+001 6.5602339694E+001
1.4033333333E+001 6.5617104969E+001
1.4050000000E+001 6.5631841527E+001
1.4066666667E+001 6.5646549436E+001
1.4083333333E+001 6.5661228765E+001
1.4100000000E+001 6.5675879581E+001
1.4116666667E+001 6.5690501952E+001
1.4133333333E+001 6.5705095946E+001
1.4150000000E+001 6.5719661631E+001
1.4166666667E+001 6.5734199074E+001
1.4183333333E+001 6.5748708341E+001
1.4200000000E+001 6.5763189500E+001
1.4216666667E+001 6.5777642617E+001
1.4233333333E+001 6.5792067759E+001
1.4250000000E+001 6.5806464991E+001
1.4266666667E+001 6.5820834381E+001
1.4283333333E+001 6.5835175993E+001
1.4300000000E+001 6.5849489893E+001
1.4316666667E+001 6.5863776146E+001
1.4333333333E+001 6.5878034818E+001
1.4350000000E+001 6.5892265974E+001
1.4366666667E+001 6.5906469679E+001
1.4383333333E+001 6.5920645996E+001
1.4400000000E+001 6.5934794991E+001
1.4416666667E+001 6.5948916727E+001
1.4433333333E+001 6.5963011269E+001
1.4450000000E+001 6.5977078680E+001
1.4466666667E+001 6.5991119024E+001
1.4483333333E+001 6.6005132364E+001
1.4500000000E+001 6.6019118763E+001
1.4516666667E+001 6.6033078285E+001
1.4533333333E+001 6.6047010992E+001
1.4550000000E+001 6.6060916947E+001
1.4566666667E+001 6.6074796211E+001
1.4583333333E+001 6.6088648849E+001
1.4600000000E+001 6.6102474920E+001
1.4616666667E+001 6.6116274488E+001
1.4633333333E+001 6.6130047614E+001
1.4650000000E+001 6.6143794360E+001
1.4666666667E+001 6.6157514786E+001
1.4683333333E+001 6.6171208953E+001
1.4700000000E+001 6.6184876923E+001
1.4716666667E+001 6.6198518757E+001
1.4733333333E+001 6.6212134514E+001
1.4750000000E+001 6.6225724256E+001
1.4766666667E+001 6.6239288042E+001
1.4783333333E+001 6.6252825932E+001
1.4800000000E+001 6.6266337987E+001
1.4816666667E+001 6.6279824265E+001
1.4833333333E+001 6.6293284826E+001
1.4850000000E+001 6.6306719730E+001
1.4866666667E+001 6.6320129035E+001
1.4883333333E+001 6.6333512801E+001
1.4900000000E+001 6.6346871086E+001
1.4916666667E+001 6.6360203949E+001
1.4933333333E+001 6.6373511447E+001
1.4950000000E+001 6.6386793640E+001
1.4966666667E+001 6.6400050585E+001
1.4983333333E+001 6.6413282341E+001
1.5000000000E+001 6.6426488964E+001
1.5016666667E+001 6.6439670512E+001
1.5033333333E+001 6.6452827043E+001
1.5050000000E+001 6.6465958614E+001
1.5066666667E+001 6.6479065282E+001
1.5083333333E+001 6.6492147103E+001
1.5100000000E+001 6.6505204135E+001
1.5116666667E+001 6.6518236433E+001
1.5133333333E+001 6.6531244054E+001
1.5150000000E+001 6.6544227055E+001
1.5166666667E+001 6.6557185490E+001
1.5183333333E+001 6.6570119417E+001
1.5200000000E+001 6.6583028890E+001
1.5216666667E+001 6.6595913966E+001
1.5233333333E+001 6.6608774698E+001
1.5250000000E+001 6.6621611144E+001
1.5266666667E+001 6.6634423357E+001
1.5283333333E+001 6.6647211392E+001
1.5300000000E+001 6.6659975305E+001
1.5316666667E+001 6.6672715149E+001
1.5333333333E+001 6.6685430979E+001
1.5350000000E+001 6.6698122849E+001
1.5366666667E+001 6.6710790814E+001
1.5383333333E+001 6.6723434926E+001
1.5400000000E+001 6.6736055241E+001
1.5416666667E+001 6.6748651810E+001
1.5433333333E+001 6.6761224689E+001
1.5450000000E+001 6.6773773929E+001
1.5466666667E+001 6.6786299585E+001
1.5483333333E+001 6.6798801708E+001
1.5500000000E+001 6.6811280352E+001
1.5516666667E+001 6.6823735570E+001
1.5533333333E+001 6.6836167414E+001
1.5550000000E+001 6.6848575936E+001
1.5566666667E+001 6.6860961188E+001
1.5583333333E+001 6.6873323223E+001
1.5600000000E+001 6.6885662092E+001
1.5616666667E+001 6.6897977847E+001
1.5633333333E+001 6.6910270540E+001
1.5650000000E+001 6.6922540222E+001
1.5666666667E+001 6.6934786944E+001
1.5683333333E+001 6.6947010757E+001
1.5700000000E+001 6.6959211713E+001
1.5716666667E+001 6.6971389863E+001
1.5733333333E+001 6.6983545256E+001
1.5750000000E+001 6.6995677944E+001
1.5766666667E+001 6.7007787976E+001
1.5783333333E+001 6.7021337673E+001
1.5800000000E+001 6.7036050392E+001
1.5816666667E+001 6.7050641261E+001
1.5833333333E+001 6.7065177557E+001
1.5850000000E+001 6.7079660108E+001
1.5866666667E+001 6.7094089720E+001
1.5883333333E+001 6.7108467182E+001
1.5900000000E+001 6.7122793266E+001
1.5916666667E+001 6.7137068723E+001
1.5933333333E+001 6.7151294287E+001
1.5950000000E+001 6.7165205528E+001
1.5966666667E+001 6.7178847451E+001
1.5983333333E+001 6.7192377686E+001
1.6000000000E+001 6.7205798392E+001
1.6016666667E+001 6.7219111681E+001
1.6033333333E+001 6.7232319626E+001
1.6050000000E+001 6.7245424254E+001
1.6066666667E+001 6.7258427553E+001
1.6083333333E+001 6.7271331471E+001
1.6100000000E+001 6.7284137916E+001
1.6116666667E+001 6.7296848756E+001
1.6133333333E+001 6.7309465822E+001
1.6150000000E+001 6.7321990908E+001
1.6166666667E+001 6.7334425770E+001
1.6183333333E+001 6.7346772131E+001
1.6200000000E+001 6.7359031675E+001
1.6216666667E+001 6.7371206056E+001
1.6233333333E+001 6.7383296892E+001
1.6250000000E+001 6.7395305767E+001
1.6266666667E+001 6.7407234235E+001
1.6283333333E+001 6.7419083816E+001
1.6300000000E+001 6.7430856002E+001
1.6316666667E+001 6.7442552252E+001
1.6333333333E+001 6.7454173997E+001
1.6350000000E+001 6.7465722636E+001
1.6366666667E+001 6.7477199543E+001
1.6383333333E+001 6.7488606062E+001
1.6400000000E+001 6.7499943509E+001
1.6416666667E+001 6.7511213176E+001
1.6433333333E+001 6.7522416324E+001
1.6450000000E+001 6.7533554193E+001
1.6466666667E+001 6.7544627995E+001
1.6483333333E+001 6.7555638918E+001
1.6500000000E+001 6.7566588125E+001
1.6516666667E+001 6.7577476756E+001
1.6533333333E+001 6.7588305927E+001
1.6550000000E+001 6.7599076733E+001
1.6566666667E+001 6.7609790245E+001
1.6583333333E+001 6.7620447512E+001
1.6600000000E+001 6.7631049561E+001
1.6616666667E+001 6.7641597401E+001
1.6633333333E+001 6.7652092018E+001
1.6650000000E+001 6.7662534377E+001
1.6666666667E+001 6.7672925425E+001
1.6683333333E+001 6.7683266089E+001
1.6700000000E+001 6.7693557278E+001
1.6716666667E+001 6.7703799882E+001
1.6733333333E+001 6.7713994770E+001
1.6750000000E+001 6.7724142798E+001
1.6766666667E+001 6.7734244801E+001
1.6783333333E+001 6.7744301599E+001
1.6800000000E+001 6.7754313992E+001
1.6816666667E+001 6.7764282769E+001
1.6833333333E+001 6.7774208697E+001
1.6850000000E+001 6.7784092532E+001
1.6866666667E+001 6.7793935012E+001
1.6883333333E+001 6.7803736861E+001
1.6900000000E+001 6.7813498787E+001
1.6916666667E+001 6.7823221484E+001
1.6933333333E+001 6.7832905632E+001
1.6950000000E+001 6.7842551899E+001
1.6966666667E+001 6.7852160935E+001
1.6983333333E+001 6.7861733381E+001
1.7000000000E+001 6.7871269863E+001
1.7016666667E+001 6.7880770993E+001
1.7033333333E+001 6.7890237372E+001
1.7050000000E+001 6.7899669590E+001
1.7066666667E+001 6.7909068222E+001
1.7083333333E+001 6.7918433833E+001
1.7100000000E+001 6.7927766977E+001
1.7116666667E+001 6.7937068194E+001
1.7133333333E+001 6.7946338017E+001
1.7150000000E+001 6.7955576964E+001
1.7166666667E+001 6.7964785545E+001
1.7183333333E+001 6.7973964258E+001
1.7200000000E+001 6.7983113594E+001
1.7216666667E+001 6.7992234029E+001
1.7233333333E+001 6.8001326034E+001
1.7250000000E+001 6.8010390067E+001
1.7266666667E+001 6.8019426579E+001
1.7283333333E+001 6.8028436010E+001
1.7300000000E+001 6.8037418791E+001
1.7316666667E+001 6.8046375347E+001
1.7333333333E+001 6.8055306091E+001
1.7350000000E+001 6.8064211429E+001
1.7366666667E+001 6.8073091759E+001
1.7383333333E+001 6.8081947471E+001
1.7400000000E+001 6.8090778945E+001
1.7416666667E+001 6.8099586555E+001
1.7433333333E+001 6.8108370669E+001
1.7450000000E+001 6.8117131643E+001
1.7466666667E+001 6.8125869831E+001
1.7483333333E+001 6.8134585575E+001
1.7500000000E+001 6.8143279214E+001
1.7516666667E+001 6.8151951077E+001
1.7533333333E+001 6.8160601488E+001
1.7550000000E+001 6.8169230764E+001
1.7566666667E+001 6.8177839216E+001
1.7583333333E+001 6.8186427148E+001
1.7600000000E+001 6.8194994858E+001
1.7616666667E+001 6.8203542639E+001
1.7633333333E+001 6.8212070775E+001
1.7650000000E+001 6.8220579547E+001
1.7666666667E+001 6.8229069231E+001
1.7683333333E+001 6.8237540094E+001
1.7700000000E+001 6.8245992400E+001
1.7716666667E+001 6.8254426409E+001
1.7733333333E+001 6.8262842371E+001
1.7750000000E+001 6.8271240536E+001
1.7766666667E+001 6.8279621146E+001
1.7783333333E+001 6.8287984439E+001
1.7800000000E+001 6.8296330648E+001
1.7816666667E+001 6.8304660001E+001
1.7833333333E+001 6.8312972722E+001
1.7850000000E+001 6.8321269030E+001
1.7866666667E+001 6.8329549140E+001
1.7883333333E+001 6.8337813262E+001
1.7900000000E+001 6.8346061603E+001
1.7916666667E+001 6.8354294363E+001
1.7933333333E+001 6.8362511742E+001
1.7950000000E+001 6.8370713933E+001
1.7966666667E+001 6.8378901126E+001
1.7983333333E+001 6.8387073507E+001
1.8000000000E+001 6.8395231259E+001
1.8016666667E+001 6.8403374560E+001
1.8033333333E+001 6.8411503585E+001
1.8050000000E+001 6.8419618507E+001
1.8066666667E+001 6.8427719492E+001
1.8083333333E+001 6.8435806706E+001
1.8100000000E+001 6.8443880311E+001
1.8116666667E+001 6.8451940464E+001
1.8133333333E+001 6.8459987320E+001
1.8150000000E+001 6.8468021032E+001
1.8166666667E+001 6.8476041748E+001
1.8183333333E+001 6.8484049615E+001
1.8200000000E+001 6.8492044774E+001
1.8216666667E+001 6.8500027367E+001
1.8233333333E+001 6.8507997530E+001
1.8250000000E+001 6.8515955398E+001
1.8266666667E+001 6.8523901102E+001
1.8283333333E+001 6.8531834773E+001
1.8300000000E+001 6.8539756537E+001
1.8316666667E+001 6.8547666518E+001
1.8333333333E+001 6.8555564837E+001
1.8350000000E+001 6.8563451614E+001
1.8366666667E+001 6.8571326965E+001
1.8383333333E+001 6.8579191005E+001
1.8400000000E+001 6.8587043847E+001
1.8416666667E+001 6.8594885600E+001
1.8433333333E+001 6.8602716373E+001
1.8450000000E+001 6.8610536270E+001
1.8466666667E+001 6.8618345396E+001
1.8483333333E+001 6.8626143853E+001
1.8500000000E+001 6.8633931739E+001
1.8516666667E+001 6.8641709152E+001
1.8533333333E+001 6.8649476188E+001
1.8550000000E+001 6.8657232940E+001
1.8566666667E+001 6.8664979501E+001
1.8583333333E+001 6.8672715961E+001
1.8600000000E+001 6.8680442408E+001
1.8616666667E+001 6.8688158929E+001
1.8633333333E+001 6.8695865609E+001
1.8650000000E+001 6.8703562530E+001
1.8666666667E+001 6.8711249775E+001
1.8683333333E+001 6.8718927424E+001
1.8700000000E+001 6.8726595554E+001
1.8716666667E+001 6.8734254244E+001
1.8733333333E+001 6.8741903568E+001
1.8750000000E+001 6.8749543601E+001
1.8766666667E+001 6.8757174414E+001
1.8783333333E+001 6.8764796080E+001
1.8800000000E+001 6.8772408667E+001
1.8816666667E+001 6.8780012245E+001
1.8833333333E+001 6.8787606880E+001
1.8850000000E+001 6.8795192638E+001
1.8866666667E+001 6.8802769584E+001
1.8883333333E+001 6.8810337780E+001
1.8900000000E+001 6.8817897290E+001
1.8916666667E+001 6.8825448173E+001
1.8933333333E+001 6.8832990490E+001
1.8950000000E+001 6.8840524299E+001
1.8966666667E+001 6.8848049658E+001
1.8983333333E+001 6.8855566622E+001
1.9000000000E+001 6.8863075248E+001
1.9016666667E+001 6.8870575589E+001
1.9033333333E+001 6.8878067699E+001
1.9050000000E+001 6.8885551629E+001
1.9066666667E+001 6.8893027431E+001
1.9083333333E+001 6.8900495155E+001
1.9100000000E+001 6.8907954851E+001
1.9116666667E+001 6.8915406567E+001
1.9133333333E+001 6.8922850349E+001
1.9150000000E+001 6.8930286246E+001
1.9166666667E+001 6.8937714302E+001
1.9183333333E+001 6.8945134562E+001
1.9200000000E+001 6.8952547071E+001
1.9216666667E+001 6.8959951871E+001
1.9233333333E+001 6.8967349005E+001
1.9250000000E+001 6.8974738514E+001
1.9266666667E+001 6.8982120440E+001
1.9283333333E+001 6.8989494822E+001
1.9300000000E+001 6.8996861700E+001
1.9316666667E+001 6.9004221112E+001
1.9333333333E+001 6.9011573096E+001
1.9350000000E+001 6.9018917690E+001
1.9366666667E+001 6.9026254929E+001
1.9383333333E+001 6.9033584851E+001
1.9400000000E+001 6.9040907489E+001
1.9416666667E+001 6.9048222880E+001
1.9433333333E+001 6.9055531055E+001
1.9450000000E+001 6.9062832049E+001
1.9466666667E+001 6.9070125895E+001
1.9483333333E+001 6.9077412625E+001
1.9500000000E+001 6.9084692270E+001
1.9516666667E+001 6.9091964862E+001
1.9533333333E+001 6.9099230430E+001
1.9550000000E+001 6.9106489006E+001
1.9566666667E+001 6.9113740617E+001
1.9583333333E+001 6.9120985294E+001
1.9600000000E+001 6.9128223064E+001
1.9616666667E+001 6.9135453955E+001
1.9633333333E+001 6.9142677995E+001
1.9650000000E+001 6.9149895211E+001
1.9666666667E+001 6.9157105629E+001
1.9683333333E+001 6.9164309275E+001
1.9700000000E+001 6.9171506175E+001
1.9716666667E+001 6.9178696353E+001
1.9733333333E+001 6.9185879835E+001
1.9750000000E+001 6.9193056645E+001
1.9766666667E+001 6.9200226806E+001
1.9783333333E+001 6.9207390343E+001
1.9800000000E+001 6.9214547277E+001
1.9816666667E+001 6.9221697632E+001
1.9833333333E+001 6.9228841431E+001
1.9850000000E+001 6.9235978694E+001
1.9866666667E+001 6.9243109444E+001
1.9883333333E+001 6.9250233701E+001
1.9900000000E+001 6.9257351487E+001
1.9916666667E+001 6.9264462822E+001
1.9933333333E+001 6.9271567727E+001
1.9950000000E+001 6.9278666221E+001
1.9966666667E+001 6.9285758323E+001
1.9983333333E+001 6.9292844053E+001
2.0000000000E+001 6.9299923429E+001
