0.0000000000E+000 0.0000000000E+000
1.6666666667E-002 1.5212768955E+002
3.3333333333E-002 7.2100115934E+001
5.0000000000E-002 4.3057269433E+001
6.6666666667E-002 3.5535079251E+001
8.3333333333E-002 2.9280845826E+001
1.0000000000E-001 2.3966535965E+001
1.1666666667E-001 1.9384884537E+001
1.3333333333E-001 1.5396438938E+001
1.5000000000E-001 1.1902433134E+001
1.6666666667E-001 8.8299238021E+000
1.8333333333E-001 6.1127085396E+000
2.0000000000E-001 3.7046964270E+000
2.1666666667E-001 1.3592496256E+000
2.3333333333E-001 -1.1996638928E+000
2.5000000000E-001 -3.4773791475E+000
2.6666666667E-001 -5.4992085896E+000
2.8333333333E-001 -7.2871509629E+000
3.0000000000E-001 -8.8604553315E+000
3.1666666667E-001 -1.0236114464E+001
3.3333333333E-001 -1.1429252310E+001
3.5000000000E-001 -1.2453429774E+001
3.6666666667E-001 -1.3320887448E+001
3.8333333333E-001 -1.4042739634E+001
4.0000000000E-001 -1.4447667211E+001
4.1666666667E-001 -1.4542357026E+001
4.3333333333E-001 -1.4457313724E+001
4.5000000000E-001 -1.4264745186E+001
4.6666666667E-001 -1.4005930310E+001
4.8333333333E-001 -1.3704740569E+001
5.0000000000E-001 -1.3375202642E+001
5.1666666667E-001 -1.3026044740E+001
5.3333333333E-001 -1.2673178750E+001
5.5000000000E-001 -1.2315017782E+001
5.6666666667E-001 -1.1952098944E+001
5.8333333333E-001 -1.1583063518E+001
6.0000000000E-001 -1.1207704386E+001
6.1666666667E-001 -1.0826348241E+001
6.3333333333E-001 -1.0439548021E+001
6.5000000000E-001 -1.0044312558E+001
6.6666666667E-001 -9.5996609319E+000
6.8333333333E-001 -9.0993589595E+000
7.0000000000E-001 -8.5523428020E+000
7.1666666667E-001 -7.9629076138E+000
7.3333333333E-001 -7.3347432466E+000
7.5000000000E-001 -6.6711040964E+000
7.6666666667E-001 -5.9749119650E+000
7.8333333333E-001 -5.2488225345E+000
8.0000000000E-001 -4.4952708835E+000
8.1666666667E-001 -3.7165042646E+000
8.3333333333E-001 -2.9146067186E+000
8.5000000000E-001 -2.0915181958E+000
8.6666666667E-001 -1.2490498277E+000
8.8333333333E-001 -3.8889640600E-001
9.0000000000E-001 4.8735322086E-001
9.1666666667E-001 1.3782073351E+000
9.3333333333E-001 2.2822637679E+000
9.5000000000E-001 3.1982032866E+000
9.6666666667E-001 4.1247837585E+000
9.8333333333E-001 5.0608349437E+000
1.0000000000E+000 6.0052538080E+000
1.0166666667E+000 6.9570002676E+000
1.0333333333E+000 7.9150933020E+000
1.0500000000E+000 8.8786073818E+000
1.0666666667E+000 9.8466691697E+000
1.0833333333E+000 1.0818454464E+001
1.1000000000E+000 1.1793185356E+001
1.1166666667E+000 1.2770127578E+001
1.1333333333E+000 1.3748588030E+001
1.1500000000E+000 1.4727912460E+001
1.1666666667E+000 1.5707483298E+001
1.1833333333E+000 1.6686717612E+001
1.2000000000E+000 1.7665065205E+001
1.2166666667E+000 1.8642006810E+001
1.2333333333E+000 1.9617052408E+001
1.2500000000E+000 2.0589739637E+001
1.2666666667E+000 2.1559632298E+001
1.2833333333E+000 2.2526318947E+001
1.3000000000E+000 2.3489411576E+001
1.3166666667E+000 2.4448544361E+001
1.3333333333E+000 2.5403372490E+001
1.3500000000E+000 2.6353571055E+001
1.3666666667E+000 2.7298834014E+001
1.3833333333E+000 2.8238873202E+001
1.4000000000E+000 2.9173417411E+001
1.4166666667E+000 3.0102211511E+001
1.4333333333E+000 3.1025015632E+001
1.4500000000E+000 3.1941604383E+001
1.4666666667E+000 3.2851766123E+001
1.4833333333E+000 3.3755302266E+001
1.5000000000E+000 3.4652026632E+001
1.5166666667E+000 3.5541764827E+001
1.5333333333E+000 3.6424353665E+001
1.5500000000E+000 3.7299640617E+001
1.5666666667E+000 3.8167483292E+001
1.5833333333E+000 3.9027748946E+001
1.6000000000E+000 3.9880314018E+001
1.6166666667E+000 4.0725063697E+001
1.6333333333E+000 4.1561891497E+001
1.6500000000E+000 4.2390698875E+001
1.6666666667E+000 4.3211394853E+001
1.6833333333E+000 4.4023895671E+001
1.7000000000E+000 4.4828124448E+001
1.7166666667E+000 4.5624010873E+001
1.7333333333E+000 4.6411490905E+001
1.7500000000E+000 4.7190506483E+001
1.7666666667E+000 4.7961005267E+001
1.7833333333E+000 4.8722940373E+001
1.8000000000E+000 4.9476270139E+001
1.8166666667E+000 5.0220957890E+001
1.8333333333E+000 5.0956971719E+001
1.8500000000E+000 5.1684284283E+001
1.8666666667E+000 5.2402872601E+001
1.8833333333E+000 5.3112717869E+001
1.9000000000E+000 5.3813805279E+001
1.9166666667E+000 5.4506123849E+001
1.9333333333E+000 5.5189666260E+001
1.9500000000E+000 5.5864428700E+001
1.9666666667E+000 5.6530410720E+001
1.9833333333E+000 5.7187615086E+001
2.0000000000E+000 5.7836047652E+001
2.0166666667E+000 5.8475717223E+001
2.0333333333E+000 5.9106635439E+001
2.0500000000E+000 5.9728816650E+001
2.0666666667E+000 6.0342277810E+001
2.0833333333E+000 6.0947038364E+001
2.1000000000E+000 6.1543120145E+001
2.1166666667E+000 6.2130547276E+001
2.1333333333E+000 6.2709346074E+001
2.1500000000E+000 6.3279544958E+001
2.1666666667E+000 6.3841174360E+001
2.1833333333E+000 6.4394266644E+001
2.2000000000E+000 6.4938856021E+001
2.2166666667E+000 6.5474978469E+001
2.2333333333E+000 6.6002671665E+001
2.2500000000E+000 6.6521974904E+001
2.2666666667E+000 6.7032929036E+001
2.2833333333E+000 6.7535576392E+001
2.3000000000E+000 6.8029960723E+001
2.3166666667E+000 6.8516127136E+001
2.3333333333E+000 6.8994122035E+001
2.3500000000E+000 6.9463993058E+001
2.3666666667E+000 6.9925789023E+001
2.3833333333E+000 7.0379559874E+001
2.4000000000E+000 7.0825356627E+001
2.4166666667E+000 7.1263231315E+001
2.4333333333E+000 7.1693236945E+001
2.4500000000E+000 7.2115427445E+001
2.4666666667E+000 7.2529857617E+001
2.4833333333E+000 7.2936583093E+001
2.5000000000E+000 7.3335660294E+001
2.5166666667E+000 7.3727146380E+001
2.5333333333E+000 7.4111099215E+001
2.5500000000E+000 7.4487577326E+001
2.5666666667E+000 7.4856639860E+001
2.5833333333E+000 7.5218346551E+001
2.6000000000E+000 7.5572757679E+001
2.6166666667E+000 7.5919934037E+001
2.6333333333E+000 7.6259936897E+001
2.6500000000E+000 7.6592827973E+001
2.6666666667E+000 7.6918669391E+001
2.6833333333E+000 7.7237523655E+001
2.7000000000E+000 7.7549453619E+001
2.7166666667E+000 7.7854522453E+001
2.7333333333E+000 7.8152793618E+001
2.7500000000E+000 7.8444330835E+001
2.7666666667E+000 7.8729198055E+001
2.7833333333E+000 7.9007459439E+001
2.8000000000E+000 7.9279179324E+001
2.8166666667E+000 7.9544422206E+001
2.8333333333E+000 7.9803252706E+001
2.8500000000E+000 8.0055735554E+001
2.8666666667E+000 8.0301935561E+001
2.8833333333E+000 8.0541917598E+001
2.9000000000E+000 8.0775746576E+001
2.9166666667E+000 8.1003487420E+001
2.9333333333E+000 8.1225205053E+001
2.9500000000E+000 8.1440964372E+001
2.9666666667E+000 8.1650830233E+001
2.9833333333E+000 8.1854867426E+001
3.0000000000E+000 8.2053140663E+001
3.0166666667E+000 8.2245714557E+001
3.0333333333E+000 8.2432653604E+001
3.0500000000E+000 8.2614022168E+001
3.0666666667E+000 8.2789884464E+001
3.0833333333E+000 8.2960304543E+001
3.1000000000E+000 8.3125346277E+001
3.1166666667E+000 8.3285073342E+001
3.1333333333E+000 8.3439549207E+001
3.1500000000E+000 8.3588837120E+001
3.1666666667E+000 8.3733000091E+001
3.1833333333E+000 8.3872100883E+001
3.2000000000E+000 8.4006202000E+001
3.2166666667E+000 8.4135365672E+001
3.2333333333E+000 8.4259653846E+001
3.2500000000E+000 8.4379128173E+001
3.2666666667E+000 8.4493850001E+001
3.2833333333E+000 8.4603880360E+001
3.3000000000E+000 8.4709279956E+001
3.3166666667E+000 8.4810109160E+001
3.3333333333E+000 8.4906428000E+001
3.3500000000E+000 8.4998296148E+001
3.3666666667E+000 8.5085772919E+001
3.3833333333E+000 8.5168917258E+001
3.4000000000E+000 8.5247787732E+001
3.4166666667E+000 8.5322442528E+001
3.4333333333E+000 8.5392939440E+001
3.4500000000E+000 8.5459335864E+001
3.4666666667E+000 8.5521688795E+001
3.4833333333E+000 8.5580054819E+001
3.5000000000E+000 8.5634490104E+001
3.5166666667E+000 8.5685050402E+001
3.5333333333E+000 8.5731791037E+001
3.5500000000E+000 8.5774766904E+001
3.5666666667E+000 8.5814032464E+001
3.5833333333E+000 8.5849641739E+001
3.6000000000E+000 8.5881648309E+001
3.6166666667E+000 8.5910105308E+001
3.6333333333E+000 8.5935065421E+001
3.6500000000E+000 8.5956580879E+001
3.6666666667E+000 8.5974703460E+001
3.6833333333E+000 8.5989484483E+001
3.7000000000E+000 8.6000974806E+001
3.7166666667E+000 8.6009224824E+001
3.7333333333E+000 8.6014284469E+001
3.7500000000E+000 8.6016203207E+001
3.7666666667E+000 8.6015030035E+001
3.7833333333E+000 8.6010813481E+001
3.8000000000E+000 8.6003601604E+001
3.8166666667E+000 8.5993441990E+001
3.8333333333E+000 8.5980381755E+001
3.8500000000E+000 8.5964467542E+001
3.8666666667E+000 8.5945745520E+001
3.8833333333E+000 8.5924261387E+001
3.9000000000E+000 8.5900060366E+001
3.9166666667E+000 8.5873187209E+001
3.9333333333E+000 8.5843686194E+001
3.9500000000E+000 8.5811601127E+001
3.9666666667E+000 8.5776975344E+001
3.9833333333E+000 8.5739851707E+001
4.0000000000E+000 8.5700272611E+001
4.0166666667E+000 8.5658279980E+001
4.0333333333E+000 8.5613915271E+001
4.0500000000E+000 8.5567219474E+001
4.0666666667E+000 8.5518233114E+001
4.0833333333E+000 8.5466996251E+001
4.1000000000E+000 8.5413548486E+001
4.1166666667E+000 8.5357928956E+001
4.1333333333E+000 8.5300176340E+001
4.1500000000E+000 8.5240328862E+001
4.1666666667E+000 8.5178424290E+001
4.1833333333E+000 8.5114499940E+001
4.2000000000E+000 8.5048592675E+001
4.2166666667E+000 8.4980738914E+001
4.2333333333E+000 8.4910974627E+001
4.2500000000E+000 8.4839335341E+001
4.2666666667E+000 8.4765856144E+001
4.2833333333E+000 8.4690571684E+001
4.3000000000E+000 8.4613516173E+001
4.3166666667E+000 8.4534723391E+001
4.3333333333E+000 8.4454226688E+001
4.3500000000E+000 8.4372058985E+001
4.3666666667E+000 8.4288252782E+001
4.3833333333E+000 8.4202840153E+001
4.4000000000E+000 8.4115852757E+001
4.4166666667E+000 8.4027321836E+001
4.4333333333E+000 8.3937278220E+001
4.4500000000E+000 8.3845752329E+001
4.4666666667E+000 8.3752774179E+001
4.4833333333E+000 8.3658373379E+001
4.5000000000E+000 8.3562579144E+001
4.5166666667E+000 8.3465420287E+001
4.5333333333E+000 8.3366925233E+001
4.5500000000E+000 8.3267122012E+001
4.5666666667E+000 8.3166038273E+001
4.5833333333E+000 8.3063701278E+001
4.6000000000E+000 8.2960137911E+001
4.6166666667E+000 8.2855374679E+001
4.6333333333E+000 8.2749437718E+001
4.6500000000E+000 8.2642352793E+001
4.6666666667E+000 8.2534145303E+001
4.6833333333E+000 8.2424840286E+001
4.7000000000E+000 8.2314462421E+001
4.7166666667E+000 8.2203036029E+001
4.7333333333E+000 8.2090585083E+001
4.7500000000E+000 8.1977133205E+001
4.7666666667E+000 8.1862703673E+001
4.7833333333E+000 8.1747319424E+001
4.8000000000E+000 8.1631003056E+001
4.8166666667E+000 8.1513776835E+001
4.8333333333E+000 8.1395662693E+001
4.8500000000E+000 8.1276682237E+001
4.8666666667E+000 8.1156856750E+001
4.8833333333E+000 8.1036207194E+001
4.9000000000E+000 8.0914754215E+001
4.9166666667E+000 8.0792518145E+001
4.9333333333E+000 8.0669519007E+001
4.9500000000E+000 8.0545776517E+001
4.9666666667E+000 8.0421310088E+001
4.9833333333E+000 8.0296138834E+001
5.0000000000E+000 8.0170281573E+001
5.0166666667E+000 8.0043756831E+001
5.0333333333E+000 7.9916582844E+001
5.0500000000E+000 7.9788777562E+001
5.0666666667E+000 7.9660358654E+001
5.0833333333E+000 7.9531343508E+001
5.1000000000E+000 7.9401749238E+001
5.1166666667E+000 7.9271592685E+001
5.1333333333E+000 7.9140890421E+001
5.1500000000E+000 7.9009658753E+001
5.1666666667E+000 7.8877913724E+001
5.1833333333E+000 7.8745671120E+001
5.2000000000E+000 7.8612946467E+001
5.2166666667E+000 7.8479755044E+001
5.2333333333E+000 7.8346111875E+001
5.2500000000E+000 7.8212031740E+001
5.2666666667E+000 7.8077529177E+001
5.2833333333E+000 7.7942618481E+001
5.3000000000E+000 7.7807313712E+001
5.3166666667E+000 7.7671628695E+001
5.3333333333E+000 7.7535577024E+001
5.3500000000E+000 7.7399172066E+001
5.3666666667E+000 7.7262426962E+001
5.3833333333E+000 7.7125354633E+001
5.4000000000E+000 7.6987967777E+001
5.4166666667E+000 7.6850278881E+001
5.4333333333E+000 7.6712300214E+001
5.4500000000E+000 7.6574043839E+001
5.4666666667E+000 7.6435521608E+001
5.4833333333E+000 7.6296745171E+001
5.5000000000E+000 7.6157725975E+001
5.5166666667E+000 7.6018475267E+001
5.5333333333E+000 7.5879004100E+001
5.5500000000E+000 7.5739323331E+001
5.5666666667E+000 7.5599443628E+001
5.5833333333E+000 7.5459375470E+001
5.6000000000E+000 7.5319129150E+001
5.6166666667E+000 7.5178714778E+001
5.6333333333E+000 7.5038142284E+001
5.6500000000E+000 7.4897421421E+001
5.6666666667E+000 7.4756561766E+001
5.6833333333E+000 7.4615572721E+001
5.7000000000E+000 7.4474463522E+001
5.7166666667E+000 7.4333243233E+001
5.7333333333E+000 7.4191920756E+001
5.7500000000E+000 7.4050504827E+001
5.7666666667E+000 7.3909004023E+001
5.7833333333E+000 7.3767426762E+001
5.8000000000E+000 7.3625781307E+001
5.8166666667E+000 7.3484075766E+001
5.8333333333E+000 7.3342318096E+001
5.8500000000E+000 7.3200516105E+001
5.8666666667E+000 7.3058677455E+001
5.8833333333E+000 7.2916809661E+001
5.9000000000E+000 7.2774920096E+001
5.9166666667E+000 7.2633015994E+001
5.9333333333E+000 7.2491104449E+001
5.9500000000E+000 7.2349192419E+001
5.9666666667E+000 7.2207286730E+001
5.9833333333E+000 7.2065394071E+001
6.0000000000E+000 7.1923521006E+001
6.0166666667E+000 7.1781673967E+001
6.0333333333E+000 7.1639859262E+001
6.0500000000E+000 7.1498083074E+001
6.0666666667E+000 7.1356351463E+001
6.0833333333E+000 7.1214670370E+001
6.1000000000E+000 7.1073045616E+001
6.1166666667E+000 7.0931482905E+001
6.1333333333E+000 7.0789987828E+001
6.1500000000E+000 7.0648565861E+001
6.1666666667E+000 7.0507222370E+001
6.1833333333E+000 7.0365962609E+001
6.2000000000E+000 7.0224791727E+001
6.2166666667E+000 7.0083714766E+001
6.2333333333E+000 6.9942736661E+001
6.2500000000E+000 6.9801862248E+001
6.2666666667E+000 6.9661096258E+001
6.2833333333E+000 6.9520443326E+001
6.3000000000E+000 6.9379907987E+001
6.3166666667E+000 6.9239494679E+001
6.3333333333E+000 6.9099207747E+001
6.3500000000E+000 6.8959051441E+001
6.3666666667E+000 6.8819029920E+001
6.3833333333E+000 6.8679147252E+001
6.4000000000E+000 6.8539407417E+001
6.4166666667E+000 6.8399814307E+001
6.4333333333E+000 6.8260371728E+001
6.4500000000E+000 6.8121083401E+001
6.4666666667E+000 6.7981952965E+001
6.4833333333E+000 6.7842983977E+001
6.5000000000E+000 6.7704179912E+001
6.5166666667E+000 6.7565544166E+001
6.5333333333E+000 6.7427080060E+001
6.5500000000E+000 6.7288790835E+001
6.5666666667E+000 6.7150679659E+001
6.5833333333E+000 6.7012749624E+001
6.6000000000E+000 6.6875003751E+001
6.6166666667E+000 6.6737444989E+001
6.6333333333E+000 6.6600076217E+001
6.6500000000E+000 6.6462900243E+001
6.6666666667E+000 6.6325919808E+001
6.6833333333E+000 6.6189137588E+001
6.7000000000E+000 6.6052556191E+001
6.7166666667E+000 6.5916178161E+001
6.7333333333E+000 6.5780005979E+001
6.7500000000E+000 6.5644042063E+001
6.7666666667E+000 6.5508288769E+001
6.7833333333E+000 6.5372748396E+001
6.8000000000E+000 6.5237423180E+001
6.8166666667E+000 6.5102315300E+001
6.8333333333E+000 6.4967426878E+001
6.8500000000E+000 6.4832759981E+001
6.8666666667E+000 6.4698316618E+001
6.8833333333E+000 6.4564098747E+001
6.9000000000E+000 6.4430108270E+001
6.9166666667E+000 6.4296347038E+001
6.9333333333E+000 6.4162816849E+001
6.9500000000E+000 6.4029519453E+001
6.9666666667E+000 6.3896456549E+001
6.9833333333E+000 6.3763629787E+001
7.0000000000E+000 6.3631040768E+001
7.0166666667E+000 6.3498691049E+001
7.0333333333E+000 6.3366582138E+001
7.0500000000E+000 6.3234715499E+001
7.0666666667E+000 6.3103092550E+001
7.0833333333E+000 6.2971714668E+001
7.1000000000E+000 6.2840583184E+001
7.1166666667E+000 6.2709699388E+001
7.1333333333E+000 6.2579064529E+001
7.1500000000E+000 6.2448679814E+001
7.1666666667E+000 6.2318546412E+001
7.1833333333E+000 6.2188665452E+001
7.2000000000E+000 6.2059038023E+001
7.2166666667E+000 6.1929665178E+001
7.2333333333E+000 6.1800547933E+001
7.2500000000E+000 6.1671687265E+001
7.2666666667E+000 6.1543084118E+001
7.2833333333E+000 6.1414739401E+001
7.3000000000E+000 6.1286653987E+001
7.3166666667E+000 6.1158828715E+001
7.3333333333E+000 6.1031264392E+001
7.3500000000E+000 6.0903961793E+001
7.3666666667E+000 6.0776921659E+001
7.3833333333E+000 6.0650144702E+001
7.4000000000E+000 6.0523631601E+001
7.4166666667E+000 6.0397383007E+001
7.4333333333E+000 6.0271399540E+001
7.4500000000E+000 6.0145681791E+001
7.4666666667E+000 6.0020230323E+001
7.4833333333E+000 5.9895045673E+001
7.5000000000E+000 5.9770128346E+001
7.5166666667E+000 5.9645478824E+001
7.5333333333E+000 5.9521097562E+001
7.5500000000E+000 5.9396984988E+001
7.5666666667E+000 5.9273141506E+001
7.5833333333E+000 5.9149567494E+001
7.6000000000E+000 5.9026263306E+001
7.6166666667E+000 5.8903229274E+001
7.6333333333E+000 5.8780465704E+001
7.6500000000E+000 5.8657972880E+001
7.6666666667E+000 5.8535751064E+001
7.6833333333E+000 5.8413800496E+001
7.7000000000E+000 5.8292121393E+001
7.7166666667E+000 5.8170713954E+001
7.7333333333E+000 5.8049578353E+001
7.7500000000E+000 5.7928714748E+001
7.7666666667E+000 5.7808123273E+001
7.7833333333E+000 5.7687804047E+001
7.8000000000E+000 5.7567757166E+001
7.8166666667E+000 5.7447982710E+001
7.8333333333E+000 5.7328480738E+001
7.8500000000E+000 5.7209251294E+001
7.8666666667E+000 5.7090294403E+001
7.8833333333E+000 5.6971610073E+001
7.9000000000E+000 5.6853198294E+001
7.9166666667E+000 5.6735059042E+001
7.9333333333E+000 5.6617192275E+001
7.9500000000E+000 5.6499597936E+001
7.9666666667E+000 5.6382275953E+001
7.9833333333E+000 5.6265226237E+001
8.0000000000E+000 5.6148448685E+001
8.0166666667E+000 5.6031943182E+001
8.0333333333E+000 5.5915709595E+001
8.0500000000E+000 5.5799747780E+001
8.0666666667E+000 5.5684057577E+001
8.0833333333E+000 5.5568638816E+001
8.1000000000E+000 5.5453491312E+001
8.1166666667E+000 5.5338614866E+001
8.1333333333E+000 5.5224009270E+001
8.1500000000E+000 5.5109674301E+001
8.1666666667E+000 5.4995609725E+001
8.1833333333E+000 5.4881815297E+001
8.2000000000E+000 5.4768290760E+001
8.2166666667E+000 5.4655035847E+001
8.2333333333E+000 5.4542050280E+001
8.2500000000E+000 5.4429333768E+001
8.2666666667E+000 5.4316886014E+001
8.2833333333E+000 5.4204706706E+001
8.3000000000E+000 5.4092795527E+001
8.3166666667E+000 5.3981152147E+001
8.3333333333E+000 5.3869776229E+001
8.3500000000E+000 5.3758667425E+001
8.3666666667E+000 5.3647825378E+001
8.3833333333E+000 5.3537249724E+001
8.4000000000E+000 5.3426940089E+001
8.4166666667E+000 5.3316896092E+001
8.4333333333E+000 5.3207117344E+001
8.4500000000E+000 5.3097603445E+001
8.4666666667E+000 5.2988353992E+001
8.4833333333E+000 5.2879368570E+001
8.5000000000E+000 5.2770646762E+001
8.5166666667E+000 5.2662188138E+001
8.5333333333E+000 5.2553992265E+001
8.5500000000E+000 5.2446058702E+001
8.5666666667E+000 5.2338387002E+001
8.5833333333E+000 5.2230976711E+001
8.6000000000E+000 5.2123827369E+001
8.6166666667E+000 5.2016938510E+001
8.6333333333E+000 5.1910309662E+001
8.6500000000E+000 5.1803940347E+001
8.6666666667E+000 5.1697830082E+001
8.6833333333E+000 5.1591978379E+001
8.7000000000E+000 5.1486384743E+001
8.7166666667E+000 5.1381048676E+001
8.7333333333E+000 5.1275969674E+001
8.7500000000E+000 5.1171147227E+001
8.7666666667E+000 5.1066580823E+001
8.7833333333E+000 5.0962269944E+001
8.8000000000E+000 5.0858214066E+001
8.8166666667E+000 5.0754412664E+001
8.8333333333E+000 5.0650865207E+001
8.8500000000E+000 5.0547571159E+001
8.8666666667E+000 5.0444529982E+001
8.8833333333E+000 5.0341741135E+001
8.9000000000E+000 5.0239204070E+001
8.9166666667E+000 5.0136918238E+001
8.9333333333E+000 5.0034883086E+001
8.9500000000E+000 4.9933098059E+001
8.9666666667E+000 4.9831562596E+001
8.9833333333E+000 4.9730276135E+001
9.0000000000E+000 4.9629238110E+001
9.0166666667E+000 4.9528447954E+001
9.0333333333E+000 4.9427905095E+001
9.0500000000E+000 4.9327608960E+001
9.0666666667E+000 4.9227558972E+001
9.0833333333E+000 4.9127754554E+001
9.1000000000E+000 4.9028195123E+001
9.1166666667E+000 4.8928880096E+001
9.1333333333E+000 4.8829808889E+001
9.1500000000E+000 4.8730980914E+001
9.1666666667E+000 4.8632395582E+001
9.1833333333E+000 4.8534052300E+001
9.2000000000E+000 4.8435950477E+001
9.2166666667E+000 4.8338089516E+001
9.2333333333E+000 4.8240468822E+001
9.2500000000E+000 4.8143087797E+001
9.2666666667E+000 4.8045945841E+001
9.2833333333E+000 4.7949042353E+001
9.3000000000E+000 4.7852376731E+001
9.3166666667E+000 4.7755948371E+001
9.3333333333E+000 4.7659756669E+001
9.3500000000E+000 4.7563801019E+001
9.3666666667E+000 4.7468080814E+001
9.3833333333E+000 4.7372595446E+001
9.4000000000E+000 4.7277344307E+001
9.4166666667E+000 4.7182326787E+001
9.4333333333E+000 4.7087542275E+001
9.4500000000E+000 4.6992990161E+001
9.4666666667E+000 4.6898669833E+001
9.4833333333E+000 4.6804580679E+001
9.5000000000E+000 4.6710722085E+001
9.5166666667E+000 4.6617093439E+001
9.5333333333E+000 4.6523694126E+001
9.5500000000E+000 4.6430523534E+001
9.5666666667E+000 4.6337581046E+001
9.5833333333E+000 4.6244866049E+001
9.6000000000E+000 4.6152377928E+001
9.6166666667E+000 4.6060116068E+001
9.6333333333E+000 4.5968079853E+001
9.6500000000E+000 4.5876268669E+001
9.6666666667E+000 4.5784681900E+001
9.6833333333E+000 4.5693318931E+001
9.7000000000E+000 4.5602179147E+001
9.7166666667E+000 4.5511261933E+001
9.7333333333E+000 4.5420566675E+001
9.7500000000E+000 4.5330092757E+001
9.7666666667E+000 4.5239839566E+001
9.7833333333E+000 4.5149806487E+001
9.8000000000E+000 4.5059992907E+001
9.8166666667E+000 4.4970398212E+001
9.8333333333E+000 4.4881021789E+001
9.8500000000E+000 4.4791863027E+001
9.8666666667E+000 4.4702921313E+001
9.8833333333E+000 4.4614196035E+001
9.9000000000E+000 4.4525686583E+001
9.9166666667E+000 4.4437392346E+001
9.9333333333E+000 4.4349312715E+001
9.9500000000E+000 4.4261447080E+001
9.9666666667E+000 4.4173794833E+001
9.9833333333E+000 4.4086355367E+001
1.0000000000E+001 4.3999128074E+001
1.0016666667E+001 4.3912112348E+001
1.0033333333E+001 4.3825307585E+001
1.0050000000E+001 4.3738713178E+001
1.0066666667E+001 4.3652328526E+001
1.0083333333E+001 4.3566153024E+001
1.0100000000E+001 4.3480186071E+001
1.0116666667E+001 4.3394427066E+001
1.0133333333E+001 4.3308875409E+001
1.0150000000E+001 4.3223530500E+001
1.0166666667E+001 4.3138391743E+001
1.0183333333E+001 4.3053458539E+001
1.0200000000E+001 4.2968730292E+001
1.0216666667E+001 4.2884206409E+001
1.0233333333E+001 4.2799886294E+001
1.0250000000E+001 4.2715769355E+001
1.0266666667E+001 4.2631855001E+001
1.0283333333E+001 4.2548142641E+001
1.0300000000E+001 4.2464631685E+001
1.0316666667E+001 4.2381321546E+001
1.0333333333E+001 4.2298211636E+001
1.0350000000E+001 4.2215301370E+001
1.0366666667E+001 4.2132590164E+001
1.0383333333E+001 4.2050077434E+001
1.0400000000E+001 4.1967762597E+001
1.0416666667E+001 4.1885645074E+001
1.0433333333E+001 4.1803724285E+001
1.0450000000E+001 4.1721999651E+001
1.0466666667E+001 4.1640470597E+001
1.0483333333E+001 4.1559136546E+001
1.0500000000E+001 4.1477996924E+001
1.0516666667E+001 4.1397051159E+001
1.0533333333E+001 4.1316298679E+001
1.0550000000E+001 4.1235738914E+001
1.0566666667E+001 4.1155371296E+001
1.0583333333E+001 4.1075195257E+001
1.0600000000E+001 4.0995210232E+001
1.0616666667E+001 4.0915415656E+001
1.0633333333E+001 4.0835810966E+001
1.0650000000E+001 4.0756395601E+001
1.0666666667E+001 4.0677169000E+001
1.0683333333E+001 4.0598130606E+001
1.0700000000E+001 4.0519279860E+001
1.0716666667E+001 4.0440616208E+001
1.0733333333E+001 4.0362139095E+001
1.0750000000E+001 4.0283847969E+001
1.0766666667E+001 4.0205742278E+001
1.0783333333E+001 4.0127821473E+001
1.0800000000E+001 4.0050085005E+001
1.0816666667E+001 3.9972532329E+001
1.0833333333E+001 3.9895162899E+001
1.0850000000E+001 3.9817976171E+001
1.0866666667E+001 3.9740971603E+001
1.0883333333E+001 3.9664148656E+001
1.0900000000E+001 3.9587506789E+001
1.0916666667E+001 3.9511045467E+001
1.0933333333E+001 3.9434764152E+001
1.0950000000E+001 3.9358662311E+001
1.0966666667E+001 3.9282739411E+001
1.0983333333E+001 3.9206994922E+001
1.1000000000E+001 3.9131428312E+001
1.1016666667E+001 3.9056039055E+001
1.1033333333E+001 3.8980826625E+001
1.1050000000E+001 3.8905790496E+001
1.1066666667E+001 3.8830930145E+001
1.1083333333E+001 3.8756245051E+001
1.1100000000E+001 3.8681734693E+001
1.1116666667E+001 3.8607398554E+001
1.1133333333E+001 3.8533236116E+001
1.1150000000E+001 3.8459246865E+001
1.1166666667E+001 3.8385430286E+001
1.1183333333E+001 3.8311785868E+001
1.1200000000E+001 3.8238313101E+001
1.1216666667E+001 3.8165011474E+001
1.1233333333E+001 3.8091880482E+001
1.1250000000E+001 3.8018919619E+001
1.1266666667E+001 3.7946128381E+001
1.1283333333E+001 3.7873506265E+001
1.1300000000E+001 3.7801052770E+001
1.1316666667E+001 3.7728767398E+001
1.1333333333E+001 3.7656649651E+001
1.1350000000E+001 3.7584699033E+001
1.1366666667E+001 3.7512915049E+001
1.1383333333E+001 3.7441297208E+001
1.1400000000E+001 3.7369845017E+001
1.1416666667E+001 3.7298557987E+001
1.1433333333E+001 3.7227435631E+001
1.1450000000E+001 3.7156477462E+001
1.1466666667E+001 3.7085682995E+001
1.1483333333E+001 3.7015051747E+001
1.1500000000E+001 3.6944583237E+001
1.1516666667E+001 3.6874276985E+001
1.1533333333E+001 3.6804132513E+001
1.1550000000E+001 3.6734149343E+001
1.1566666667E+001 3.6664327001E+001
1.1583333333E+001 3.6594665013E+001
1.1600000000E+001 3.6525162907E+001
1.1616666667E+001 3.6455820213E+001
1.1633333333E+001 3.6386636463E+001
1.1650000000E+001 3.6317611188E+001
1.1666666667E+001 3.6248743923E+001
1.1683333333E+001 3.6180034205E+001
1.1700000000E+001 3.6111481571E+001
1.1716666667E+001 3.6043085560E+001
1.1733333333E+001 3.5974845713E+001
1.1750000000E+001 3.5906761571E+001
1.1766666667E+001 3.5838832680E+001
1.1783333333E+001 3.5771058584E+001
1.1800000000E+001 3.5703438830E+001
1.1816666667E+001 3.5635972967E+001
1.1833333333E+001 3.5568660544E+001
1.1850000000E+001 3.5501501115E+001
1.1866666667E+001 3.5434494230E+001
1.1883333333E+001 3.5367639447E+001
1.1900000000E+001 3.5300936320E+001
1.1916666667E+001 3.5234384407E+001
1.1933333333E+001 3.5167983269E+001
1.1950000000E+001 3.5101732465E+001
1.1966666667E+001 3.5035631558E+001
1.1983333333E+001 3.4969680112E+001
1.2000000000E+001 3.4903877693E+001
1.2016666667E+001 3.4838223868E+001
1.2033333333E+001 3.4772718204E+001
1.2050000000E+001 3.4707360272E+001
1.2066666667E+001 3.4642149644E+001
1.2083333333E+001 3.4577085892E+001
1.2100000000E+001 3.4512168591E+001
1.2116666667E+001 3.4447397318E+001
1.2133333333E+001 3.4382771648E+001
1.2150000000E+001 3.4318291162E+001
1.2166666667E+001 3.4253955440E+001
1.2183333333E+001 3.4189764064E+001
1.2200000000E+001 3.4125716617E+001
1.2216666667E+001 3.4061812685E+001
1.2233333333E+001 3.3998051852E+001
1.2250000000E+001 3.3934433708E+001
1.2266666667E+001 3.3870957842E+001
1.2283333333E+001 3.3807623844E+001
1.2300000000E+001 3.3744431306E+001
1.2316666667E+001 3.3681379823E+001
1.2333333333E+001 3.3618468988E+001
1.2350000000E+001 3.3555698399E+001
1.2366666667E+001 3.3493067654E+001
1.2383333333E+001 3.3430576352E+001
1.2400000000E+001 3.3368224093E+001
1.2416666667E+001 3.3306010480E+001
1.2433333333E+001 3.3243935117E+001
1.2450000000E+001 3.3181997608E+001
1.2466666667E+001 3.3120197560E+001
1.2483333333E+001 3.3058534581E+001
1.2500000000E+001 3.2997008280E+001
1.2516666667E+001 3.2935618267E+001
1.2533333333E+001 3.2874364155E+001
1.2550000000E+001 3.2813245557E+001
1.2566666667E+001 3.2752262088E+001
1.2583333333E+001 3.2691413363E+001
1.2600000000E+001 3.2630699001E+001
1.2616666667E+001 3.2570118620E+001
1.2633333333E+001 3.2509671841E+001
1.2650000000E+001 3.2449358284E+001
1.2666666667E+001 3.2389177574E+001
1.2683333333E+001 3.2329129333E+001
1.2700000000E+001 3.2269213189E+001
1.2716666667E+001 3.2209428767E+001
1.2733333333E+001 3.2149775696E+001
1.2750000000E+001 3.2090253606E+001
1.2766666667E+001 3.2030862127E+001
1.2783333333E+001 3.1971600893E+001
1.2800000000E+001 3.1912469535E+001
1.2816666667E+001 3.1853467690E+001
1.2833333333E+001 3.1794594993E+001
1.2850000000E+001 3.1735851083E+001
1.2866666667E+001 3.1677235596E+001
1.2883333333E+001 3.1618748175E+001
1.2900000000E+001 3.1560388459E+001
1.2916666667E+001 3.1502156093E+001
1.2933333333E+001 3.1444050718E+001
1.2950000000E+001 3.1386071982E+001
1.2966666667E+001 3.1328219529E+001
1.2983333333E+001 3.1270493008E+001
1.3000000000E+001 3.1212892068E+001
1.3016666667E+001 3.1155416359E+001
1.3033333333E+001 3.1098065532E+001
1.3050000000E+001 3.1040839240E+001
1.3066666667E+001 3.0983737137E+001
1.3083333333E+001 3.0926758878E+001
1.3100000000E+001 3.0869904120E+001
1.3116666667E+001 3.0813172520E+001
1.3133333333E+001 3.0756563736E+001
1.3150000000E+001 3.0700077430E+001
1.3166666667E+001 3.0643713261E+001
1.3183333333E+001 3.0587470893E+001
1.3200000000E+001 3.0531349989E+001
1.3216666667E+001 3.0475350215E+001
1.3233333333E+001 3.0419471235E+001
1.3250000000E+001 3.0363712718E+001
1.3266666667E+001 3.0308074331E+001
1.3283333333E+001 3.0252555745E+001
1.3300000000E+001 3.0197156629E+001
1.3316666667E+001 3.0141876657E+001
1.3333333333E+001 3.0086715500E+001
1.3350000000E+001 3.0031672834E+001
1.3366666667E+001 2.9976748333E+001
1.3383333333E+001 2.9921941674E+001
1.3400000000E+001 2.9867252535E+001
1.3416666667E+001 2.9812680595E+001
1.3433333333E+001 2.9758225533E+001
1.3450000000E+001 2.9703887031E+001
1.3466666667E+001 2.9649664770E+001
1.3483333333E+001 2.9595558435E+001
1.3500000000E+001 2.9541567710E+001
1.3516666667E+001 2.9487692279E+001
1.3533333333E+001 2.9433931831E+001
1.3550000000E+001 2.9380286052E+001
1.3566666667E+001 2.9326754631E+001
1.3583333333E+001 2.9273337259E+001
1.3600000000E+001 2.9220033627E+001
1.3616666667E+001 2.9166843426E+001
1.3633333333E+001 2.9113766350E+001
1.3650000000E+001 2.9060802093E+001
1.3666666667E+001 2.9007950351E+001
1.3683333333E+001 2.8955210820E+001
1.3700000000E+001 2.8902583197E+001
1.3716666667E+001 2.8850067181E+001
1.3733333333E+001 2.8797662472E+001
1.3750000000E+001 2.8745368771E+001
1.3766666667E+001 2.8693185778E+001
1.3783333333E+001 2.8641113197E+001
1.3800000000E+001 2.8589150732E+001
1.3816666667E+001 2.8537298088E+001
1.3833333333E+001 2.8485554970E+001
1.3850000000E+001 2.8433921085E+001
1.3866666667E+001 2.8382396141E+001
1.3883333333E+001 2.8330979848E+001
1.3900000000E+001 2.8279671914E+001
1.3916666667E+001 2.8228472052E+001
1.3933333333E+001 2.8177379972E+001
1.3950000000E+001 2.8126395388E+001
1.3966666667E+001 2.8075518014E+001
1.3983333333E+001 2.8024747565E+001
1.4000000000E+001 2.7974083757E+001
1.4016666667E+001 2.7923526307E+001
1.4033333333E+001 2.7873074932E+001
1.4050000000E+001 2.7822729351E+001
1.4066666667E+001 2.7772489285E+001
1.4083333333E+001 2.7722354454E+001
1.4100000000E+001 2.7672324580E+001
1.4116666667E+001 2.7622399386E+001
1.4133333333E+001 2.7572578595E+001
1.4150000000E+001 2.7522861932E+001
1.4166666667E+001 2.7473249122E+001
1.4183333333E+001 2.7423739893E+001
1.4200000000E+001 2.7374333971E+001
1.4216666667E+001 2.7325031086E+001
1.4233333333E+001 2.7275830965E+001
1.4250000000E+001 2.7226733341E+001
1.4266666667E+001 2.7177737943E+001
1.4283333333E+001 2.7128844505E+001
1.4300000000E+001 2.7080052758E+001
1.4316666667E+001 2.7031362438E+001
1.4333333333E+001 2.6982773278E+001
1.4350000000E+001 2.6934285015E+001
1.4366666667E+001 2.6885897385E+001
1.4383333333E+001 2.6837610127E+001
1.4400000000E+001 2.6789422977E+001
1.4416666667E+001 2.6741335677E+001
1.4433333333E+001 2.6693347965E+001
1.4450000000E+001 2.6645459584E+001
1.4466666667E+001 2.6597670274E+001
1.4483333333E+001 2.6549979780E+001
1.4500000000E+001 2.6502387844E+001
1.4516666667E+001 2.6454894212E+001
1.4533333333E+001 2.6407498628E+001
1.4550000000E+001 2.6360200840E+001
1.4566666667E+001 2.6313000595E+001
1.4583333333E+001 2.6265897639E+001
1.4600000000E+001 2.6218891723E+001
1.4616666667E+001 2.6171982597E+001
1.4633333333E+001 2.6125170010E+001
1.4650000000E+001 2.6078453714E+001
1.4666666667E+001 2.6031833462E+001
1.4683333333E+001 2.5985309007E+001
1.4700000000E+001 2.5938880101E+001
1.4716666667E+001 2.5892546502E+001
1.4733333333E+001 2.5846307963E+001
1.4750000000E+001 2.5800164242E+001
1.4766666667E+001 2.5754115095E+001
1.4783333333E+001 2.5708160281E+001
1.4800000000E+001 2.5662299558E+001
1.4816666667E+001 2.5616532686E+001
1.4833333333E+001 2.5570859426E+001
1.4850000000E+001 2.5525279539E+001
1.4866666667E+001 2.5479792787E+001
1.4883333333E+001 2.5434398932E+001
1.4900000000E+001 2.5389097739E+001
1.4916666667E+001 2.5343888972E+001
1.4933333333E+001 2.5298772395E+001
1.4950000000E+001 2.5253747776E+001
1.4966666667E+001 2.5208814880E+001
1.4983333333E+001 2.5163973476E+001
1.5000000000E+001 2.5119223331E+001
1.5016666667E+001 2.5074564215E+001
1.5033333333E+001 2.5029995897E+001
1.5050000000E+001 2.4985518149E+001
1.5066666667E+001 2.4941130740E+001
1.5083333333E+001 2.4896833445E+001
1.5100000000E+001 2.4852626035E+001
1.5116666667E+001 2.4808508283E+001
1.5133333333E+001 2.4764479965E+001
1.5150000000E+001 2.4720540856E+001
1.5166666667E+001 2.4676690730E+001
1.5183333333E+001 2.4632929366E+001
1.5200000000E+001 2.4589256540E+001
1.5216666667E+001 2.4545672029E+001
1.5233333333E+001 2.4502175614E+001
1.5250000000E+001 2.4458767073E+001
1.5266666667E+001 2.4415446187E+001
1.5283333333E+001 2.4372212736E+001
1.5300000000E+001 2.4329066502E+001
1.5316666667E+001 2.4286007267E+001
1.5333333333E+001 2.4243034815E+001
1.5350000000E+001 2.4200148929E+001
1.5366666667E+001 2.4157349394E+001
1.5383333333E+001 2.4114635995E+001
1.5400000000E+001 2.4072008517E+001
1.5416666667E+001 2.4029466748E+001
1.5433333333E+001 2.3987010474E+001
1.5450000000E+001 2.3944639484E+001
1.5466666667E+001 2.3902353565E+001
1.5483333333E+001 2.3860152508E+001
1.5500000000E+001 2.3818036102E+001
1.5516666667E+001 2.3776004138E+001
1.5533333333E+001 2.3734056407E+001
1.5550000000E+001 2.3692192701E+001
1.5566666667E+001 2.3650412813E+001
1.5583333333E+001 2.3608716537E+001
1.5600000000E+001 2.3567103666E+001
1.5616666667E+001 2.3525573994E+001
1.5633333333E+001 2.3484127318E+001
1.5650000000E+001 2.3442763433E+001
1.5666666667E+001 2.3401482136E+001
1.5683333333E+001 2.3360283224E+001
1.5700000000E+001 2.3319166495E+001
1.5716666667E+001 2.3278131747E+001
1.5733333333E+001 2.3237178780E+001
1.5750000000E+001 2.3196307394E+001
1.5766666667E+001 2.3155517388E+001
1.5783333333E+001 2.3114808565E+001
1.5800000000E+001 2.3071256188E+001
1.5816666667E+001 2.3025462500E+001
1.5833333333E+001 2.2980038356E+001
1.5850000000E+001 2.2934846311E+001
1.5866666667E+001 2.2889882202E+001
1.5883333333E+001 2.2845141968E+001
1.5900000000E+001 2.2800621643E+001
1.5916666667E+001 2.2756317358E+001
1.5933333333E+001 2.2712225335E+001
1.5950000000E+001 2.2668341890E+001
1.5966666667E+001 2.2625320582E+001
1.5983333333E+001 2.2583152829E+001
1.6000000000E+001 2.2541516079E+001
1.6016666667E+001 2.2500399604E+001
1.6033333333E+001 2.2459792902E+001
1.6050000000E+001 2.2419685684E+001
1.6066666667E+001 2.2380067874E+001
1.6083333333E+001 2.2340929604E+001
1.6100000000E+001 2.2302261209E+001
1.6116666667E+001 2.2264053226E+001
1.6133333333E+001 2.2226296383E+001
1.6150000000E+001 2.2188981602E+001
1.6166666667E+001 2.2152099992E+001
1.6183333333E+001 2.2115642845E+001
1.6200000000E+001 2.2079601633E+001
1.6216666667E+001 2.2043968004E+001
1.6233333333E+001 2.2008733779E+001
1.6250000000E+001 2.1973890946E+001
1.6266666667E+001 2.1939431660E+001
1.6283333333E+001 2.1905348238E+001
1.6300000000E+001 2.1871633156E+001
1.6316666667E+001 2.1838279043E+001
1.6333333333E+001 2.1805278684E+001
1.6350000000E+001 2.1772625010E+001
1.6366666667E+001 2.1740311099E+001
1.6383333333E+001 2.1708330172E+001
1.6400000000E+001 2.1676675591E+001
1.6416666667E+001 2.1645340854E+001
1.6433333333E+001 2.1614319593E+001
1.6450000000E+001 2.1583605574E+001
1.6466666667E+001 2.1553192688E+001
1.6483333333E+001 2.1523074956E+001
1.6500000000E+001 2.1493246520E+001
1.6516666667E+001 2.1463701645E+001
1.6533333333E+001 2.1434434713E+001
1.6550000000E+001 2.1405440223E+001
1.6566666667E+001 2.1376712788E+001
1.6583333333E+001 2.1348247131E+001
1.6600000000E+001 2.1320038086E+001
1.6616666667E+001 2.1292080593E+001
1.6633333333E+001 2.1264369696E+001
1.6650000000E+001 2.1236900542E+001
1.6666666667E+001 2.1209668378E+001
1.6683333333E+001 2.1182668551E+001
1.6700000000E+001 2.1155896501E+001
1.6716666667E+001 2.1129347766E+001
1.6733333333E+001 2.1103017974E+001
1.6750000000E+001 2.1076902843E+001
1.6766666667E+001 2.1050998182E+001
1.6783333333E+001 2.1025299884E+001
1.6800000000E+001 2.0999803929E+001
1.6816666667E+001 2.0974506379E+001
1.6833333333E+001 2.0949403378E+001
1.6850000000E+001 2.0924491149E+001
1.6866666667E+001 2.0899765994E+001
1.6883333333E+001 2.0875224292E+001
1.6900000000E+001 2.0850862495E+001
1.6916666667E+001 2.0826677129E+001
1.6933333333E+001 2.0802664794E+001
1.6950000000E+001 2.0778822158E+001
1.6966666667E+001 2.0755145959E+001
1.6983333333E+001 2.0731633001E+001
1.7000000000E+001 2.0708280156E+001
1.7016666667E+001 2.0685084360E+001
1.7033333333E+001 2.0662042612E+001
1.7050000000E+001 2.0639151974E+001
1.7066666667E+001 2.0616409568E+001
1.7083333333E+001 2.0593812575E+001
1.7100000000E+001 2.0571358236E+001
1.7116666667E+001 2.0549043848E+001
1.7133333333E+001 2.0526866763E+001
1.7150000000E+001 2.0504824390E+001
1.7166666667E+001 2.0482914190E+001
1.7183333333E+001 2.0461133676E+001
1.7200000000E+001 2.0439480415E+001
1.7216666667E+001 2.0417952021E+001
1.7233333333E+001 2.0396546161E+001
1.7250000000E+001 2.0375260546E+001
1.7266666667E+001 2.0354092938E+001
1.7283333333E+001 2.0333041143E+001
1.7300000000E+001 2.0312103014E+001
1.7316666667E+001 2.0291276447E+001
1.7333333333E+001 2.0270559383E+001
1.7350000000E+001 2.0249949804E+001
1.7366666667E+001 2.0229445734E+001
1.7383333333E+001 2.0209045239E+001
1.7400000000E+001 2.0188746424E+001
1.7416666667E+001 2.0168547433E+001
1.7433333333E+001 2.0148446449E+001
1.7450000000E+001 2.0128441692E+001
1.7466666667E+001 2.0108531420E+001
1.7483333333E+001 2.0088713926E+001
1.7500000000E+001 2.0068987537E+001
1.7516666667E+001 2.0049350617E+001
1.7533333333E+001 2.0029801562E+001
1.7550000000E+001 2.0010338803E+001
1.7566666667E+001 1.9990960801E+001
1.7583333333E+001 1.9971666051E+001
1.7600000000E+001 1.9952453077E+001
1.7616666667E+001 1.9933320435E+001
1.7633333333E+001 1.9914266712E+001
1.7650000000E+001 1.9895290520E+001
1.7666666667E+001 1.9876390503E+001
1.7683333333E+001 1.9857565333E+001
1.7700000000E+001 1.9838813708E+001
1.7716666667E+001 1.9820134354E+001
1.7733333333E+001 1.9801526022E+001
1.7750000000E+001 1.9782987490E+001
1.7766666667E+001 1.9764517561E+001
1.7783333333E+001 1.9746115061E+001
1.7800000000E+001 1.9727778843E+001
1.7816666667E+001 1.9709507782E+001
1.7833333333E+001 1.9691300776E+001
1.7850000000E+001 1.9673156747E+001
1.7866666667E+001 1.9655074638E+001
1.7883333333E+001 1.9637053413E+001
1.7900000000E+001 1.9619092060E+001
1.7916666667E+001 1.9601189586E+001
1.7933333333E+001 1.9583345019E+001
1.7950000000E+001 1.9565557406E+001
1.7966666667E+001 1.9547825815E+001
1.7983333333E+001 1.9530149333E+001
1.8000000000E+001 1.9512527064E+001
1.8016666667E+001 1.9494958134E+001
1.8033333333E+001 1.9477441683E+001
1.8050000000E+001 1.9459976871E+001
1.8066666667E+001 1.9442562875E+001
1.8083333333E+001 1.9425198889E+001
1.8100000000E+001 1.9407884122E+001
1.8116666667E+001 1.9390617802E+001
1.8133333333E+001 1.9373399171E+001
1.8150000000E+001 1.9356227487E+001
1.8166666667E+001 1.9339102023E+001
1.8183333333E+001 1.9322022067E+001
1.8200000000E+001 1.9304986922E+001
1.8216666667E+001 1.9287995904E+001
1.8233333333E+001 1.9271048346E+001
1.8250000000E+001 1.9254143592E+001
1.8266666667E+001 1.9237280999E+001
1.8283333333E+001 1.9220459940E+001
1.8300000000E+001 1.9203679798E+001
1.8316666667E+001 1.9186939971E+001
1.8333333333E+001 1.9170239868E+001
1.8350000000E+001 1.9153578909E+001
1.8366666667E+001 1.9136956529E+001
1.8383333333E+001 1.9120372171E+001
1.8400000000E+001 1.9103825293E+001
1.8416666667E+001 1.9087315361E+001
1.8433333333E+001 1.9070841853E+001
1.8450000000E+001 1.9054404257E+001
1.8466666667E+001 1.9038002071E+001
1.8483333333E+001 1.9021634807E+001
1.8500000000E+001 1.9005301983E+001
1.8516666667E+001 1.8989003127E+001
1.8533333333E+001 1.8972737781E+001
1.8550000000E+001 1.8956505494E+001
1.8566666667E+001 1.8940305823E+001
1.8583333333E+001 1.8924138334E+001
1.8600000000E+001 1.8908002603E+001
1.8616666667E+001 1.8891898213E+001
1.8633333333E+001 1.8875824757E+001
1.8650000000E+001 1.8859781835E+001
1.8666666667E+001 1.8843769057E+001
1.8683333333E+001 1.8827786039E+001
1.8700000000E+001 1.8811832405E+001
1.8716666667E+001 1.8795907789E+001
1.8733333333E+001 1.8780011829E+001
1.8750000000E+001 1.8764144172E+001
1.8766666667E+001 1.8748304473E+001
1.8783333333E+001 1.8732492393E+001
1.8800000000E+001 1.8716707600E+001
1.8816666667E+001 1.8700949767E+001
1.8833333333E+001 1.8685218578E+001
1.8850000000E+001 1.8669513718E+001
1.8866666667E+001 1.8653834883E+001
1.8883333333E+001 1.8638181773E+001
1.8900000000E+001 1.8622554093E+001
1.8916666667E+001 1.8606951557E+001
1.8933333333E+001 1.8591373881E+001
1.8950000000E+001 1.8575820790E+001
1.8966666667E+001 1.8560292013E+001
1.8983333333E+001 1.8544787284E+001
1.9000000000E+001 1.8529306344E+001
1.9016666667E+001 1.8513848937E+001
1.9033333333E+001 1.8498414815E+001
1.9050000000E+001 1.8483003732E+001
1.9066666667E+001 1.8467615448E+001
1.9083333333E+001 1.8452249730E+001
1.9100000000E+001 1.8436906345E+001
1.9116666667E+001 1.8421585070E+001
1.9133333333E+001 1.8406285681E+001
1.9150000000E+001 1.8391007964E+001
1.9166666667E+001 1.8375751706E+001
1.9183333333E+001 1.8360516697E+001
1.9200000000E+001 1.8345302735E+001
1.9216666667E+001 1.8330109619E+001
1.9233333333E+001 1.8314937154E+001
1.9250000000E+001 1.8299785147E+001
1.9266666667E+001 1.8284653409E+001
1.9283333333E+001 1.8269541758E+001
1.9300000000E+001 1.8254450016E+001
1.9316666667E+001 1.8239378005E+001
1.9333333333E+001 1.8224325551E+001
1.9350000000E+001 1.8209292482E+001
1.9366666667E+001 1.8194278632E+001
1.9383333333E+001 1.8179283837E+001
1.9400000000E+001 1.8164307935E+001
1.9416666667E+001 1.8149350773E+001
1.9433333333E+001 1.8134412194E+001
1.9450000000E+001 1.8119492041E+001
1.9466666667E+001 1.8104590168E+001
1.9483333333E+001 1.8089706428E+001
1.9500000000E+001 1.8074840680E+001
1.9516666667E+001 1.8059992782E+001
1.9533333333E+001 1.8045162598E+001
1.9550000000E+001 1.8030349995E+001
1.9566666667E+001 1.8015554840E+001
1.9583333333E+001 1.8000777003E+001
1.9600000000E+001 1.7986016359E+001
1.9616666667E+001 1.7971272784E+001
1.9633333333E+001 1.7956546154E+001
1.9650000000E+001 1.7941836352E+001
1.9666666667E+001 1.7927143260E+001
1.9683333333E+001 1.7912466762E+001
1.9700000000E+001 1.7897806747E+001
1.9716666667E+001 1.7883163103E+001
1.9733333333E+001 1.7868535723E+001
1.9750000000E+001 1.7853924499E+001
1.9766666667E+001 1.7839329328E+001
1.9783333333E+001 1.7824750108E+001
1.9800000000E+001 1.7810186737E+001
1.9816666667E+001 1.7795639118E+001
1.9833333333E+001 1.7781107154E+001
1.9850000000E+001 1.7766590750E+001
1.9866666667E+001 1.7752089814E+001
1.9883333333E+001 1.7737604256E+001
1.9900000000E+001 1.7723133989E+001
1.9916666667E+001 1.7708678922E+001
1.9933333333E+001 1.7694238970E+001
1.9950000000E+001 1.7679814046E+001
1.9966666667E+001 1.7665404069E+001
1.9983333333E+001 1.7651008958E+001
2.0000000000E+001 1.7636628632E+001
