0.0000000000E+000 0.0000000000E+000
1.6666666667E-002 1.2801630258E-001
3.3333333333E-002 0.0000000000E+000
5.0000000000E-002 0.0000000000E+000
6.6666666667E-002 0.0000000000E+000
8.3333333333E-002 0.0000000000E+000
1.0000000000E-001 0.0000000000E+000
1.1666666667E-001 0.0000000000E+000
1.3333333333E-001 0.0000000000E+000
1.5000000000E-001 0.0000000000E+000
1.6666666667E-001 0.0000000000E+000
1.8333333333E-001 0.0000000000E+000
2.0000000000E-001 2.2695820473E-001
2.1666666667E-001 9.4712773374E-001
2.3333333333E-001 1.6113421632E+000
2.5000000000E-001 2.2260121805E+000
2.6666666667E-001 2.7966450277E+000
2.8333333333E-001 3.3279537654E+000
3.0000000000E-001 3.8239981895E+000
3.1666666667E-001 4.2882964504E+000
3.3333333333E-001 4.7239142793E+000
3.5000000000E-001 5.1335369265E+000
3.6666666667E-001 5.5195276224E+000
3.8333333333E-001 5.8839754381E+000
4.0000000000E-001 6.2288874169E+000
4.1666666667E-001 6.5560918238E+000
4.3333333333E-001 6.8671382144E+000
4.5000000000E-001 7.1633547543E+000
4.6666666667E-001 7.4459011361E+000
4.8333333333E-001 7.7158032997E+000
5.0000000000E-001 7.9739774766E+000
5.1666666667E-001 8.2212473814E+000
5.3333333333E-001 8.4583486506E+000
5.5000000000E-001 8.6859511959E+000
5.6666666667E-001 8.9046668066E+000
5.8333333333E-001 9.1150567732E+000
6.0000000000E-001 9.3176366175E+000
6.1666666667E-001 9.5128802895E+000
6.3333333333E-001 9.7012241128E+000
6.5000000000E-001 9.8830734341E+000
6.6666666667E-001 1.0058838251E+001
6.8333333333E-001 1.0228911223E+001
7.0000000000E-001 1.0393653253E+001
7.1666666667E-001 1.0553397910E+001
7.3333333333E-001 1.0708454572E+001
7.5000000000E-001 1.0859110700E+001
7.6666666667E-001 1.1005633823E+001
7.8333333333E-001 1.1148273271E+001
8.0000000000E-001 1.1287261712E+001
8.1666666667E-001 1.1422816525E+001
8.3333333333E-001 1.1555141028E+001
8.5000000000E-001 1.1684425583E+001
8.6666666667E-001 1.1810848595E+001
8.8333333333E-001 1.1934577412E+001
9.0000000000E-001 1.2055769149E+001
9.1666666667E-001 1.2174571427E+001
9.3333333333E-001 1.2291123055E+001
9.5000000000E-001 1.2405554653E+001
9.6666666667E-001 1.2517989213E+001
9.8333333333E-001 1.2628542623E+001
1.0000000000E+000 1.2737324145E+001
1.0166666667E+000 1.2844436849E+001
1.0333333333E+000 1.2949978021E+001
1.0500000000E+000 1.3054039536E+001
1.0666666667E+000 1.3156708195E+001
1.0833333333E+000 1.3258066049E+001
1.1000000000E+000 1.3358190691E+001
1.1166666667E+000 1.3457155527E+001
1.1333333333E+000 1.3555030027E+001
1.1500000000E+000 1.3651879964E+001
1.1666666667E+000 1.3747767626E+001
1.1833333333E+000 1.3842752021E+001
1.2000000000E+000 1.3936889067E+001
1.2166666667E+000 1.4030231765E+001
1.2333333333E+000 1.4122830362E+001
1.2500000000E+000 1.4214732507E+001
1.2666666667E+000 1.4305983392E+001
1.2833333333E+000 1.4396625885E+001
1.3000000000E+000 1.4486700656E+001
1.3166666667E+000 1.4576246293E+001
1.3333333333E+000 1.4665299415E+001
1.3500000000E+000 1.4753894769E+001
1.3666666667E+000 1.4842065331E+001
1.3833333333E+000 1.4929842397E+001
1.4000000000E+000 1.5017255664E+001
1.4166666667E+000 1.5104333317E+001
1.4333333333E+000 1.5191102097E+001
1.4500000000E+000 1.5277587378E+001
1.4666666667E+000 1.5363813231E+001
1.4833333333E+000 1.5449802488E+001
1.5000000000E+000 1.5535576802E+001
1.5166666667E+000 1.5621156705E+001
1.5333333333E+000 1.5706561657E+001
1.5500000000E+000 1.5791810099E+001
1.5666666667E+000 1.5876919502E+001
1.5833333333E+000 1.5961906411E+001
1.6000000000E+000 1.6046786485E+001
1.6166666667E+000 1.6131574543E+001
1.6333333333E+000 1.6216284597E+001
1.6500000000E+000 1.6300929892E+001
1.6666666667E+000 1.6385522940E+001
1.6833333333E+000 1.6470075550E+001
1.7000000000E+000 1.6554598864E+001
1.7166666667E+000 1.6639103383E+001
1.7333333333E+000 1.6723598997E+001
1.7500000000E+000 1.6808095011E+001
1.7666666667E+000 1.6892600171E+001
1.7833333333E+000 1.6977122690E+001
1.8000000000E+000 1.7061670267E+001
1.8166666667E+000 1.7146250113E+001
1.8333333333E+000 1.7230868972E+001
1.8500000000E+000 1.7315533138E+001
1.8666666667E+000 1.7400248478E+001
1.8833333333E+000 1.7485020450E+001
1.9000000000E+000 1.7569854115E+001
1.9166666667E+000 1.7654754164E+001
1.9333333333E+000 1.7739724924E+001
1.9500000000E+000 1.7824770380E+001
1.9666666667E+000 1.7909894186E+001
1.9833333333E+000 1.7995099681E+001
2.0000000000E+000 1.8080389904E+001
2.0166666667E+000 1.8165767601E+001
2.0333333333E+000 1.8251235246E+001
2.0500000000E+000 1.8336795045E+001
2.0666666667E+000 1.8422448952E+001
2.0833333333E+000 1.8508198679E+001
2.1000000000E+000 1.8594045706E+001
2.1166666667E+000 1.8679991289E+001
2.1333333333E+000 1.8766036477E+001
2.1500000000E+000 1.8852182111E+001
2.1666666667E+000 1.8938428841E+001
2.1833333333E+000 1.9024777133E+001
2.2000000000E+000 1.9111227272E+001
2.2166666667E+000 1.9197779377E+001
2.2333333333E+000 1.9284433405E+001
2.2500000000E+000 1.9371189160E+001
2.2666666667E+000 1.9458046297E+001
2.2833333333E+000 1.9545004332E+001
2.3000000000E+000 1.9632062647E+001
2.3166666667E+000 1.9719220496E+001
2.3333333333E+000 1.9806477015E+001
2.3500000000E+000 1.9893831220E+001
2.3666666667E+000 1.9981282021E+001
2.3833333333E+000 2.0068828221E+001
2.4000000000E+000 2.0156468525E+001
2.4166666667E+000 2.0244201545E+001
2.4333333333E+000 2.0332025800E+001
2.4500000000E+000 2.0419939729E+001
2.4666666667E+000 2.0507941688E+001
2.4833333333E+000 2.0596029958E+001
2.5000000000E+000 2.0684202748E+001
2.5166666667E+000 2.0772458200E+001
2.5333333333E+000 2.0860794392E+001
2.5500000000E+000 2.0949209343E+001
2.5666666667E+000 2.1037701013E+001
2.5833333333E+000 2.1126267312E+001
2.6000000000E+000 2.1214906099E+001
2.6166666667E+000 2.1303615187E+001
2.6333333333E+000 2.1392392346E+001
2.6500000000E+000 2.1481235305E+001
2.6666666667E+000 2.1570141757E+001
2.6833333333E+000 2.1659109358E+001
2.7000000000E+000 2.1748135736E+001
2.7166666667E+000 2.1837218486E+001
2.7333333333E+000 2.1926355179E+001
2.7500000000E+000 2.2015543359E+001
2.7666666667E+000 2.2104780550E+001
2.7833333333E+000 2.2194064255E+001
2.8000000000E+000 2.2283391961E+001
2.8166666667E+000 2.2372761136E+001
2.8333333333E+000 2.2462169238E+001
2.8500000000E+000 2.2551613710E+001
2.8666666667E+000 2.2641091988E+001
2.8833333333E+000 2.2730601498E+001
2.9000000000E+000 2.2820139659E+001
2.9166666667E+000 2.2909703887E+001
2.9333333333E+000 2.2999291594E+001
2.9500000000E+000 2.3088900188E+001
2.9666666667E+000 2.3178527080E+001
2.9833333333E+000 2.3268169681E+001
3.0000000000E+000 2.3357825403E+001
3.0166666667E+000 2.3447491663E+001
3.0333333333E+000 2.3537165882E+001
3.0500000000E+000 2.3626845487E+001
3.0666666667E+000 2.3716527914E+001
3.0833333333E+000 2.3806210605E+001
3.1000000000E+000 2.3895891011E+001
3.1166666667E+000 2.3985566596E+001
3.1333333333E+000 2.4075234832E+001
3.1500000000E+000 2.4164893206E+001
3.1666666667E+000 2.4254539215E+001
3.1833333333E+000 2.4344170371E+001
3.2000000000E+000 2.4433784202E+001
3.2166666667E+000 2.4523378249E+001
3.2333333333E+000 2.4612950069E+001
3.2500000000E+000 2.4702497238E+001
3.2666666667E+000 2.4792017347E+001
3.2833333333E+000 2.4881508006E+001
3.3000000000E+000 2.4970966842E+001
3.3166666667E+000 2.5060391503E+001
3.3333333333E+000 2.5149779656E+001
3.3500000000E+000 2.5239128986E+001
3.3666666667E+000 2.5328437200E+001
3.3833333333E+000 2.5417702027E+001
3.4000000000E+000 2.5506921215E+001
3.4166666667E+000 2.5596092535E+001
3.4333333333E+000 2.5685213780E+001
3.4500000000E+000 2.5774282765E+001
3.4666666667E+000 2.5863297327E+001
3.4833333333E+000 2.5952255326E+001
3.5000000000E+000 2.6041154647E+001
3.5166666667E+000 2.6129993197E+001
3.5333333333E+000 2.6218768906E+001
3.5500000000E+000 2.6307479729E+001
3.5666666667E+000 2.6396123644E+001
3.5833333333E+000 2.6484698655E+001
3.6000000000E+000 2.6573202788E+001
3.6166666667E+000 2.6661634096E+001
3.6333333333E+000 2.6749990654E+001
3.6500000000E+000 2.6838270563E+001
3.6666666667E+000 2.6926471950E+001
3.6833333333E+000 2.7014592964E+001
3.7000000000E+000 2.7102631782E+001
3.7166666667E+000 2.7190586603E+001
3.7333333333E+000 2.7278455654E+001
3.7500000000E+000 2.7366237185E+001
3.7666666667E+000 2.7453929471E+001
3.7833333333E+000 2.7541530812E+001
3.8000000000E+000 2.7629039536E+001
3.8166666667E+000 2.7716453991E+001
3.8333333333E+000 2.7803772553E+001
3.8500000000E+000 2.7890993624E+001
3.8666666667E+000 2.7978115627E+001
3.8833333333E+000 2.8065137013E+001
3.9000000000E+000 2.8152056258E+001
3.9166666667E+000 2.8238871859E+001
3.9333333333E+000 2.8325582341E+001
3.9500000000E+000 2.8412186253E+001
3.9666666667E+000 2.8498682167E+001
3.9833333333E+000 2.8585068679E+001
4.0000000000E+000 2.8671344412E+001
4.0166666667E+000 2.8757508009E+001
4.0333333333E+000 2.8843558141E+001
4.0500000000E+000 2.8929493499E+001
4.0666666667E+000 2.9015312799E+001
4.0833333333E+000 2.9101014782E+001
4.1000000000E+000 2.9186598210E+001
4.1166666667E+000 2.9272061869E+001
4.1333333333E+000 2.9357404569E+001
4.1500000000E+000 2.9442625141E+001
4.1666666667E+000 2.9527722439E+001
4.1833333333E+000 2.9612695342E+001
4.2000000000E+000 2.9697542747E+001
4.2166666667E+000 2.9782263576E+001
4.2333333333E+000 2.9866856774E+001
4.2500000000E+000 2.9951321304E+001
4.2666666667E+000 3.0035656154E+001
4.2833333333E+000 3.0119860331E+001
4.3000000000E+000 3.0203932865E+001
4.3166666667E+000 3.0287872806E+001
4.3333333333E+000 3.0371679225E+001
4.3500000000E+000 3.0455351214E+001
4.3666666667E+000 3.0538887885E+001
4.3833333333E+000 3.0622288370E+001
4.4000000000E+000 3.0705551821E+001
4.4166666667E+000 3.0788677411E+001
4.4333333333E+000 3.0871664330E+001
4.4500000000E+000 3.0954511791E+001
4.4666666667E+000 3.1037219023E+001
4.4833333333E+000 3.1119785275E+001
4.5000000000E+000 3.1202209816E+001
4.5166666667E+000 3.1284491932E+001
4.5333333333E+000 3.1366630927E+001
4.5500000000E+000 3.1448626125E+001
4.5666666667E+000 3.1530476867E+001
4.5833333333E+000 3.1612182511E+001
4.6000000000E+000 3.1693742434E+001
4.6166666667E+000 3.1775156029E+001
4.6333333333E+000 3.1856422706E+001
4.6500000000E+000 3.1937541893E+001
4.6666666667E+000 3.2018513034E+001
4.6833333333E+000 3.2099335590E+001
4.7000000000E+000 3.2180009037E+001
4.7166666667E+000 3.2260532869E+001
4.7333333333E+000 3.2340906593E+001
4.7500000000E+000 3.2421129736E+001
4.7666666667E+000 3.2501201835E+001
4.7833333333E+000 3.2581122447E+001
4.8000000000E+000 3.2660891142E+001
4.8166666667E+000 3.2740507504E+001
4.8333333333E+000 3.2819971133E+001
4.8500000000E+000 3.2899281643E+001
4.8666666667E+000 3.2978438662E+001
4.8833333333E+000 3.3057441832E+001
4.9000000000E+000 3.3136290810E+001
4.9166666667E+000 3.3214985264E+001
4.9333333333E+000 3.3293524880E+001
4.9500000000E+000 3.3371909351E+001
4.9666666667E+000 3.3450138389E+001
4.9833333333E+000 3.3528211715E+001
5.0000000000E+000 3.3606129065E+001
5.0166666667E+000 3.3683890185E+001
5.0333333333E+000 3.3761494836E+001
5.0500000000E+000 3.3838942790E+001
5.0666666667E+000 3.3916233830E+001
5.0833333333E+000 3.3993367752E+001
5.1000000000E+000 3.4070344363E+001
5.1166666667E+000 3.4147163482E+001
5.1333333333E+000 3.4223824938E+001
5.1500000000E+000 3.4300328573E+001
5.1666666667E+000 3.4376674237E+001
5.1833333333E+000 3.4452861794E+001
5.2000000000E+000 3.4528891116E+001
5.2166666667E+000 3.4604762086E+001
5.2333333333E+000 3.4680474599E+001
5.2500000000E+000 3.4756028556E+001
5.2666666667E+000 3.4831423872E+001
5.2833333333E+000 3.4906660470E+001
5.3000000000E+000 3.4981738282E+001
5.3166666667E+000 3.5056657250E+001
5.3333333333E+000 3.5131417325E+001
5.3500000000E+000 3.5206018468E+001
5.3666666667E+000 3.5280460647E+001
5.3833333333E+000 3.5354743840E+001
5.4000000000E+000 3.5428868034E+001
5.4166666667E+000 3.5502833223E+001
5.4333333333E+000 3.5576639411E+001
5.4500000000E+000 3.5650286609E+001
5.4666666667E+000 3.5723774836E+001
5.4833333333E+000 3.5797104119E+001
5.5000000000E+000 3.5870274494E+001
5.5166666667E+000 3.5943286004E+001
5.5333333333E+000 3.6016138696E+001
5.5500000000E+000 3.6088832631E+001
5.5666666667E+000 3.6161367870E+001
5.5833333333E+000 3.6233744487E+001
5.6000000000E+000 3.6305962560E+001
5.6166666667E+000 3.6378022173E+001
5.6333333333E+000 3.6449923418E+001
5.6500000000E+000 3.6521666395E+001
5.6666666667E+000 3.6593251207E+001
5.6833333333E+000 3.6664677967E+001
5.7000000000E+000 3.6735946790E+001
5.7166666667E+000 3.6807057800E+001
5.7333333333E+000 3.6878011127E+001
5.7500000000E+000 3.6948806905E+001
5.7666666667E+000 3.7019445276E+001
5.7833333333E+000 3.7089926385E+001
5.8000000000E+000 3.7160250384E+001
5.8166666667E+000 3.7230417430E+001
5.8333333333E+000 3.7300427686E+001
5.8500000000E+000 3.7370281318E+001
5.8666666667E+000 3.7439978500E+001
5.8833333333E+000 3.7509519409E+001
5.9000000000E+000 3.7578904226E+001
5.9166666667E+000 3.7648133140E+001
5.9333333333E+000 3.7717206341E+001
5.9500000000E+000 3.7786124026E+001
5.9666666667E+000 3.7854886394E+001
5.9833333333E+000 3.7923493652E+001
6.0000000000E+000 3.7991946007E+001
6.0166666667E+000 3.8060243673E+001
6.0333333333E+000 3.8128386868E+001
6.0500000000E+000 3.8196375812E+001
6.0666666667E+000 3.8264210730E+001
6.0833333333E+000 3.8331891852E+001
6.1000000000E+000 3.8399419409E+001
6.1166666667E+000 3.8466793638E+001
6.1333333333E+000 3.8534014779E+001
6.1500000000E+000 3.8601083074E+001
6.1666666667E+000 3.8667998769E+001
6.1833333333E+000 3.8734762116E+001
6.2000000000E+000 3.8801373366E+001
6.2166666667E+000 3.8867832775E+001
6.2333333333E+000 3.8934140602E+001
6.2500000000E+000 3.9000297110E+001
6.2666666667E+000 3.9066302563E+001
6.2833333333E+000 3.9132157228E+001
6.3000000000E+000 3.9197861377E+001
6.3166666667E+000 3.9263415283E+001
6.3333333333E+000 3.9328819220E+001
6.3500000000E+000 3.9394073468E+001
6.3666666667E+000 3.9459178306E+001
6.3833333333E+000 3.9524134018E+001
6.4000000000E+000 3.9588940890E+001
6.4166666667E+000 3.9653599209E+001
6.4333333333E+000 3.9718109265E+001
6.4500000000E+000 3.9782471349E+001
6.4666666667E+000 3.9846685756E+001
6.4833333333E+000 3.9910752783E+001
6.5000000000E+000 3.9974672727E+001
6.5166666667E+000 4.0038445888E+001
6.5333333333E+000 4.0102072567E+001
6.5500000000E+000 4.0165553069E+001
6.5666666667E+000 4.0228887699E+001
6.5833333333E+000 4.0292076764E+001
6.6000000000E+000 4.0355120572E+001
6.6166666667E+000 4.0418019434E+001
6.6333333333E+000 4.0480773661E+001
6.6500000000E+000 4.0543383566E+001
6.6666666667E+000 4.0605849465E+001
6.6833333333E+000 4.0668171672E+001
6.7000000000E+000 4.0730350506E+001
6.7166666667E+000 4.0792386285E+001
6.7333333333E+000 4.0854279328E+001
6.7500000000E+000 4.0916029956E+001
6.7666666667E+000 4.0977638492E+001
6.7833333333E+000 4.1039105259E+001
6.8000000000E+000 4.1100430581E+001
6.8166666667E+000 4.1161614782E+001
6.8333333333E+000 4.1222658190E+001
6.8500000000E+000 4.1283561131E+001
6.8666666667E+000 4.1344323934E+001
6.8833333333E+000 4.1404946926E+001
6.9000000000E+000 4.1465430439E+001
6.9166666667E+000 4.1525774801E+001
6.9333333333E+000 4.1585980344E+001
6.9500000000E+000 4.1646047400E+001
6.9666666667E+000 4.1705976301E+001
6.9833333333E+000 4.1765767381E+001
7.0000000000E+000 4.1825420972E+001
7.0166666667E+000 4.1884937409E+001
7.0333333333E+000 4.1944317027E+001
7.0500000000E+000 4.2003560160E+001
7.0666666667E+000 4.2062667145E+001
7.0833333333E+000 4.2121638316E+001
7.1000000000E+000 4.2180474012E+001
7.1166666667E+000 4.2239174568E+001
7.1333333333E+000 4.2297740321E+001
7.1500000000E+000 4.2356171609E+001
7.1666666667E+000 4.2414468769E+001
7.1833333333E+000 4.2472632139E+001
7.2000000000E+000 4.2530662057E+001
7.2166666667E+000 4.2588558862E+001
7.2333333333E+000 4.2646322891E+001
7.2500000000E+000 4.2703954483E+001
7.2666666667E+000 4.2761453977E+001
7.2833333333E+000 4.2818821711E+001
7.3000000000E+000 4.2876058024E+001
7.3166666667E+000 4.2933163255E+001
7.3333333333E+000 4.2990137743E+001
7.3500000000E+000 4.3046981826E+001
7.3666666667E+000 4.3103695843E+001
7.3833333333E+000 4.3160280132E+001
7.4000000000E+000 4.3216735032E+001
7.4166666667E+000 4.3273060882E+001
7.4333333333E+000 4.3329258019E+001
7.4500000000E+000 4.3385326783E+001
7.4666666667E+000 4.3441267510E+001
7.4833333333E+000 4.3497080538E+001
7.5000000000E+000 4.3552766206E+001
7.5166666667E+000 4.3608324851E+001
7.5333333333E+000 4.3663756809E+001
7.5500000000E+000 4.3719062417E+001
7.5666666667E+000 4.3774242013E+001
7.5833333333E+000 4.3829295931E+001
7.6000000000E+000 4.3884224509E+001
7.6166666667E+000 4.3939028081E+001
7.6333333333E+000 4.3993706984E+001
7.6500000000E+000 4.4048261552E+001
7.6666666667E+000 4.4102692119E+001
7.6833333333E+000 4.4156999019E+001
7.7000000000E+000 4.4211182587E+001
7.7166666667E+000 4.4265243155E+001
7.7333333333E+000 4.4319181057E+001
7.7500000000E+000 4.4372996625E+001
7.7666666667E+000 4.4426690190E+001
7.7833333333E+000 4.4480262085E+001
7.8000000000E+000 4.4533712640E+001
7.8166666667E+000 4.4587042186E+001
7.8333333333E+000 4.4640251053E+001
7.8500000000E+000 4.4693339569E+001
7.8666666667E+000 4.4746308065E+001
7.8833333333E+000 4.4799156868E+001
7.9000000000E+000 4.4851886307E+001
7.9166666667E+000 4.4904496708E+001
7.9333333333E+000 4.4956988398E+001
7.9500000000E+000 4.5009361703E+001
7.9666666667E+000 4.5061616949E+001
7.9833333333E+000 4.5113754461E+001
8.0000000000E+000 4.5165774562E+001
8.0166666667E+000 4.5217677577E+001
8.0333333333E+000 4.5269463828E+001
8.0500000000E+000 4.5321133637E+001
8.0666666667E+000 4.5372687328E+001
8.0833333333E+000 4.5424125219E+001
8.1000000000E+000 4.5475447632E+001
8.1166666667E+000 4.5526654887E+001
8.1333333333E+000 4.5577747302E+001
8.1500000000E+000 4.5628725196E+001
8.1666666667E+000 4.5679588886E+001
8.1833333333E+000 4.5730338689E+001
8.2000000000E+000 4.5780974922E+001
8.2166666667E+000 4.5831497899E+001
8.2333333333E+000 4.5881907936E+001
8.2500000000E+000 4.5932205347E+001
8.2666666667E+000 4.5982390444E+001
8.2833333333E+000 4.6032463541E+001
8.3000000000E+000 4.6082424949E+001
8.3166666667E+000 4.6132274979E+001
8.3333333333E+000 4.6182013941E+001
8.3500000000E+000 4.6231642146E+001
8.3666666667E+000 4.6281159901E+001
8.3833333333E+000 4.6330567515E+001
8.4000000000E+000 4.6379865294E+001
8.4166666667E+000 4.6429053546E+001
8.4333333333E+000 4.6478132576E+001
8.4500000000E+000 4.6527102688E+001
8.4666666667E+000 4.6575964187E+001
8.4833333333E+000 4.6624717376E+001
8.5000000000E+000 4.6673362558E+001
8.5166666667E+000 4.6721900033E+001
8.5333333333E+000 4.6770330103E+001
8.5500000000E+000 4.6818653068E+001
8.5666666667E+000 4.6866869227E+001
8.5833333333E+000 4.6914978879E+001
8.6000000000E+000 4.6962982321E+001
8.6166666667E+000 4.7010879849E+001
8.6333333333E+000 4.7058671760E+001
8.6500000000E+000 4.7106358348E+001
8.6666666667E+000 4.7153939909E+001
8.6833333333E+000 4.7201416735E+001
8.7000000000E+000 4.7248789119E+001
8.7166666667E+000 4.7296057353E+001
8.7333333333E+000 4.7343221728E+001
8.7500000000E+000 4.7390282534E+001
8.7666666667E+000 4.7437240059E+001
8.7833333333E+000 4.7484094593E+001
8.8000000000E+000 4.7530846423E+001
8.8166666667E+000 4.7577495836E+001
8.8333333333E+000 4.7624043118E+001
8.8500000000E+000 4.7670488553E+001
8.8666666667E+000 4.7716832426E+001
8.8833333333E+000 4.7763075020E+001
8.9000000000E+000 4.7809216617E+001
8.9166666667E+000 4.7855257500E+001
8.9333333333E+000 4.7901197949E+001
8.9500000000E+000 4.7947038244E+001
8.9666666667E+000 4.7992778664E+001
8.9833333333E+000 4.8038419487E+001
9.0000000000E+000 4.8083960991E+001
9.0166666667E+000 4.8129403452E+001
9.0333333333E+000 4.8174747146E+001
9.0500000000E+000 4.8219992348E+001
9.0666666667E+000 4.8265139331E+001
9.0833333333E+000 4.8310188369E+001
9.1000000000E+000 4.8355139734E+001
9.1166666667E+000 4.8399993697E+001
9.1333333333E+000 4.8444750529E+001
9.1500000000E+000 4.8489410500E+001
9.1666666667E+000 4.8533973879E+001
9.1833333333E+000 4.8578440932E+001
9.2000000000E+000 4.8622811929E+001
9.2166666667E+000 4.8667087134E+001
9.2333333333E+000 4.8711266814E+001
9.2500000000E+000 4.8755351233E+001
9.2666666667E+000 4.8799340654E+001
9.2833333333E+000 4.8843235341E+001
9.3000000000E+000 4.8887035556E+001
9.3166666667E+000 4.8930741560E+001
9.3333333333E+000 4.8974353613E+001
9.3500000000E+000 4.9017871975E+001
9.3666666667E+000 4.9061296904E+001
9.3833333333E+000 4.9104628659E+001
9.4000000000E+000 4.9147867496E+001
9.4166666667E+000 4.9191013672E+001
9.4333333333E+000 4.9234067441E+001
9.4500000000E+000 4.9277029059E+001
9.4666666667E+000 4.9319898779E+001
9.4833333333E+000 4.9362676854E+001
9.5000000000E+000 4.9405363535E+001
9.5166666667E+000 4.9447959074E+001
9.5333333333E+000 4.9490463722E+001
9.5500000000E+000 4.9532877728E+001
9.5666666667E+000 4.9575201340E+001
9.5833333333E+000 4.9617434806E+001
9.6000000000E+000 4.9659578373E+001
9.6166666667E+000 4.9701632289E+001
9.6333333333E+000 4.9743596797E+001
9.6500000000E+000 4.9785472143E+001
9.6666666667E+000 4.9827258570E+001
9.6833333333E+000 4.9868956321E+001
9.7000000000E+000 4.9910565638E+001
9.7166666667E+000 4.9952086764E+001
9.7333333333E+000 4.9993519937E+001
9.7500000000E+000 5.0034865398E+001
9.7666666667E+000 5.0076123386E+001
9.7833333333E+000 5.0117294139E+001
9.8000000000E+000 5.0158377894E+001
9.8166666667E+000 5.0199374888E+001
9.8333333333E+000 5.0240285356E+001
9.8500000000E+000 5.0281109533E+001
9.8666666667E+000 5.0321847653E+001
9.8833333333E+000 5.0362499950E+001
9.9000000000E+000 5.0403066657E+001
9.9166666667E+000 5.0443548004E+001
9.9333333333E+000 5.0483944223E+001
9.9500000000E+000 5.0524255544E+001
9.9666666667E+000 5.0564482196E+001
9.9833333333E+000 5.0604624409E+001
1.0000000000E+001 5.0644682409E+001
1.0016666667E+001 5.0684656424E+001
1.0033333333E+001 5.0724546681E+001
1.0050000000E+001 5.0764353404E+001
1.0066666667E+001 5.0804076818E+001
1.0083333333E+001 5.0843717148E+001
1.0100000000E+001 5.0883274616E+001
1.0116666667E+001 5.0922749446E+001
1.0133333333E+001 5.0962141858E+001
1.0150000000E+001 5.1001452075E+001
1.0166666667E+001 5.1040680315E+001
1.0183333333E+001 5.1079826798E+001
1.0200000000E+001 5.1118891744E+001
1.0216666667E+001 5.1157875369E+001
1.0233333333E+001 5.1196777892E+001
1.0250000000E+001 5.1235599528E+001
1.0266666667E+001 5.1274340494E+001
1.0283333333E+001 5.1313001004E+001
1.0300000000E+001 5.1351581272E+001
1.0316666667E+001 5.1390081513E+001
1.0333333333E+001 5.1428501938E+001
1.0350000000E+001 5.1466842761E+001
1.0366666667E+001 5.1505104191E+001
1.0383333333E+001 5.1543286441E+001
1.0400000000E+001 5.1581389719E+001
1.0416666667E+001 5.1619414235E+001
1.0433333333E+001 5.1657360197E+001
1.0450000000E+001 5.1695227814E+001
1.0466666667E+001 5.1733017291E+001
1.0483333333E+001 5.1770728836E+001
1.0500000000E+001 5.1808362654E+001
1.0516666667E+001 5.1845918950E+001
1.0533333333E+001 5.1883397928E+001
1.0550000000E+001 5.1920799791E+001
1.0566666667E+001 5.1958124743E+001
1.0583333333E+001 5.1995372985E+001
1.0600000000E+001 5.2032544720E+001
1.0616666667E+001 5.2069640147E+001
1.0633333333E+001 5.2106659466E+001
1.0650000000E+001 5.2143602878E+001
1.0666666667E+001 5.2180470581E+001
1.0683333333E+001 5.2217262772E+001
1.0700000000E+001 5.2253979650E+001
1.0716666667E+001 5.2290621410E+001
1.0733333333E+001 5.2327188249E+001
1.0750000000E+001 5.2363680362E+001
1.0766666667E+001 5.2400097943E+001
1.0783333333E+001 5.2436441187E+001
1.0800000000E+001 5.2472710288E+001
1.0816666667E+001 5.2508905436E+001
1.0833333333E+001 5.2545026826E+001
1.0850000000E+001 5.2581074647E+001
1.0866666667E+001 5.2617049091E+001
1.0883333333E+001 5.2652950348E+001
1.0900000000E+001 5.2688778606E+001
1.0916666667E+001 5.2724534056E+001
1.0933333333E+001 5.2760216884E+001
1.0950000000E+001 5.2795827279E+001
1.0966666667E+001 5.2831365427E+001
1.0983333333E+001 5.2866831515E+001
1.1000000000E+001 5.2902225727E+001
1.1016666667E+001 5.2937548250E+001
1.1033333333E+001 5.2972799266E+001
1.1050000000E+001 5.3007978961E+001
1.1066666667E+001 5.3043087516E+001
1.1083333333E+001 5.3078125115E+001
1.1100000000E+001 5.3113091939E+001
1.1116666667E+001 5.3147988169E+001
1.1133333333E+001 5.3182813986E+001
1.1150000000E+001 5.3217569571E+001
1.1166666667E+001 5.3252255101E+001
1.1183333333E+001 5.3286870757E+001
1.1200000000E+001 5.3321416715E+001
1.1216666667E+001 5.3355893155E+001
1.1233333333E+001 5.3390300252E+001
1.1250000000E+001 5.3424638184E+001
1.1266666667E+001 5.3458907125E+001
1.1283333333E+001 5.3493107251E+001
1.1300000000E+001 5.3527238737E+001
1.1316666667E+001 5.3561301756E+001
1.1333333333E+001 5.3595296482E+001
1.1350000000E+001 5.3629223088E+001
1.1366666667E+001 5.3663081747E+001
1.1383333333E+001 5.3696872628E+001
1.1400000000E+001 5.3730595905E+001
1.1416666667E+001 5.3764251747E+001
1.1433333333E+001 5.3797840324E+001
1.1450000000E+001 5.3831361806E+001
1.1466666667E+001 5.3864816361E+001
1.1483333333E+001 5.3898204158E+001
1.1500000000E+001 5.3931525364E+001
1.1516666667E+001 5.3964780146E+001
1.1533333333E+001 5.3997968672E+001
1.1550000000E+001 5.4031091107E+001
1.1566666667E+001 5.4064147616E+001
1.1583333333E+001 5.4097138364E+001
1.1600000000E+001 5.4130063516E+001
1.1616666667E+001 5.4162923236E+001
1.1633333333E+001 5.4195717686E+001
1.1650000000E+001 5.4228447030E+001
1.1666666667E+001 5.4261111430E+001
1.1683333333E+001 5.4293711047E+001
1.1700000000E+001 5.4326246042E+001
1.1716666667E+001 5.4358716576E+001
1.1733333333E+001 5.4391122809E+001
1.1750000000E+001 5.4423464901E+001
1.1766666667E+001 5.4455743010E+001
1.1783333333E+001 5.4487957295E+001
1.1800000000E+001 5.4520107914E+001
1.1816666667E+001 5.4552195025E+001
1.1833333333E+001 5.4584218783E+001
1.1850000000E+001 5.4616179346E+001
1.1866666667E+001 5.4648076870E+001
1.1883333333E+001 5.4679911509E+001
1.1900000000E+001 5.4711683419E+001
1.1916666667E+001 5.4743392753E+001
1.1933333333E+001 5.4775039667E+001
1.1950000000E+001 5.4806624312E+001
1.1966666667E+001 5.4838146842E+001
1.1983333333E+001 5.4869607410E+001
1.2000000000E+001 5.4901006166E+001
1.2016666667E+001 5.4932343263E+001
1.2033333333E+001 5.4963618851E+001
1.2050000000E+001 5.4994833081E+001
1.2066666667E+001 5.5025986102E+001
1.2083333333E+001 5.5057078063E+001
1.2100000000E+001 5.5088109114E+001
1.2116666667E+001 5.5119079403E+001
1.2133333333E+001 5.5149989078E+001
1.2150000000E+001 5.5180838286E+001
1.2166666667E+001 5.5211627175E+001
1.2183333333E+001 5.5242355890E+001
1.2200000000E+001 5.5273024577E+001
1.2216666667E+001 5.5303633383E+001
1.2233333333E+001 5.5334182453E+001
1.2250000000E+001 5.5364671930E+001
1.2266666667E+001 5.5395101959E+001
1.2283333333E+001 5.5425472684E+001
1.2300000000E+001 5.5455784247E+001
1.2316666667E+001 5.5486036792E+001
1.2333333333E+001 5.5516230461E+001
1.2350000000E+001 5.5546365396E+001
1.2366666667E+001 5.5576441738E+001
1.2383333333E+001 5.5606459627E+001
1.2400000000E+001 5.5636419205E+001
1.2416666667E+001 5.5666320611E+001
1.2433333333E+001 5.5696163986E+001
1.2450000000E+001 5.5725949467E+001
1.2466666667E+001 5.5755677194E+001
1.2483333333E+001 5.5785347305E+001
1.2500000000E+001 5.5814959937E+001
1.2516666667E+001 5.5844515229E+001
1.2533333333E+001 5.5874013317E+001
1.2550000000E+001 5.5903454337E+001
1.2566666667E+001 5.5932838426E+001
1.2583333333E+001 5.5962165718E+001
1.2600000000E+001 5.5991436351E+001
1.2616666667E+001 5.6020650457E+001
1.2633333333E+001 5.6049808171E+001
1.2650000000E+001 5.6078909628E+001
1.2666666667E+001 5.6107954960E+001
1.2683333333E+001 5.6136944302E+001
1.2700000000E+001 5.6165877784E+001
1.2716666667E+001 5.6194755541E+001
1.2733333333E+001 5.6223577703E+001
1.2750000000E+001 5.6252344401E+001
1.2766666667E+001 5.6281055768E+001
1.2783333333E+001 5.6309711933E+001
1.2800000000E+001 5.6338313027E+001
1.2816666667E+001 5.6366859178E+001
1.2833333333E+001 5.6395350518E+001
1.2850000000E+001 5.6423787174E+001
1.2866666667E+001 5.6452169275E+001
1.2883333333E+001 5.6480496950E+001
1.2900000000E+001 5.6508770325E+001
1.2916666667E+001 5.6536989529E+001
1.2933333333E+001 5.6565154688E+001
1.2950000000E+001 5.6593265929E+001
1.2966666667E+001 5.6621323378E+001
1.2983333333E+001 5.6649327161E+001
1.3000000000E+001 5.6677277402E+001
1.3016666667E+001 5.6705174228E+001
1.3033333333E+001 5.6733017763E+001
1.3050000000E+001 5.6760808130E+001
1.3066666667E+001 5.6788545454E+001
1.3083333333E+001 5.6816229859E+001
1.3100000000E+001 5.6843861467E+001
1.3116666667E+001 5.6871440400E+001
1.3133333333E+001 5.6898966782E+001
1.3150000000E+001 5.6926440734E+001
1.3166666667E+001 5.6953862378E+001
1.3183333333E+001 5.6981231835E+001
1.3200000000E+001 5.7008549226E+001
1.3216666667E+001 5.7035814670E+001
1.3233333333E+001 5.7063028289E+001
1.3250000000E+001 5.7090190202E+001
1.3266666667E+001 5.7117300529E+001
1.3283333333E+001 5.7144359388E+001
1.3300000000E+001 5.7171366897E+001
1.3316666667E+001 5.7198323176E+001
1.3333333333E+001 5.7225228342E+001
1.3350000000E+001 5.7252082513E+001
1.3366666667E+001 5.7278885805E+001
1.3383333333E+001 5.7305638337E+001
1.3400000000E+001 5.7332340223E+001
1.3416666667E+001 5.7358991581E+001
1.3433333333E+001 5.7385592525E+001
1.3450000000E+001 5.7412143172E+001
1.3466666667E+001 5.7438643637E+001
1.3483333333E+001 5.7465094034E+001
1.3500000000E+001 5.7491494477E+001
1.3516666667E+001 5.7517845081E+001
1.3533333333E+001 5.7544145960E+001
1.3550000000E+001 5.7570397226E+001
1.3566666667E+001 5.7596598993E+001
1.3583333333E+001 5.7622751373E+001
1.3600000000E+001 5.7648854479E+001
1.3616666667E+001 5.7674908423E+001
1.3633333333E+001 5.7700913317E+001
1.3650000000E+001 5.7726869271E+001
1.3666666667E+001 5.7752776396E+001
1.3683333333E+001 5.7778634804E+001
1.3700000000E+001 5.7804444605E+001
1.3716666667E+001 5.7830205909E+001
1.3733333333E+001 5.7855918825E+001
1.3750000000E+001 5.7881583463E+001
1.3766666667E+001 5.7907199932E+001
1.3783333333E+001 5.7932768340E+001
1.3800000000E+001 5.7958288796E+001
1.3816666667E+001 5.7983761409E+001
1.3833333333E+001 5.8009186285E+001
1.3850000000E+001 5.8034563532E+001
1.3866666667E+001 5.8059893257E+001
1.3883333333E+001 5.8085175568E+001
1.3900000000E+001 5.8110410570E+001
1.3916666667E+001 5.8135598370E+001
1.3933333333E+001 5.8160739074E+001
1.3950000000E+001 5.8185832787E+001
1.3966666667E+001 5.8210879614E+001
1.3983333333E+001 5.8235879660E+001
1.4000000000E+001 5.8260833031E+001
1.4016666667E+001 5.8285739830E+001
1.4033333333E+001 5.8310600161E+001
1.4050000000E+001 5.8335414128E+001
1.4066666667E+001 5.8360181835E+001
1.4083333333E+001 5.8384903384E+001
1.4100000000E+001 5.8409578878E+001
1.4116666667E+001 5.8434208421E+001
1.4133333333E+001 5.8458792113E+001
1.4150000000E+001 5.8483330057E+001
1.4166666667E+001 5.8507822355E+001
1.4183333333E+001 5.8532269108E+001
1.4200000000E+001 5.8556670417E+001
1.4216666667E+001 5.8581026383E+001
1.4233333333E+001 5.8605337105E+001
1.4250000000E+001 5.8629602685E+001
1.4266666667E+001 5.8653823222E+001
1.4283333333E+001 5.8677998816E+001
1.4300000000E+001 5.8702129566E+001
1.4316666667E+001 5.8726215571E+001
1.4333333333E+001 5.8750256930E+001
1.4350000000E+001 5.8774253741E+001
1.4366666667E+001 5.8798206103E+001
1.4383333333E+001 5.8822114112E+001
1.4400000000E+001 5.8845977868E+001
1.4416666667E+001 5.8869797467E+001
1.4433333333E+001 5.8893573006E+001
1.4450000000E+001 5.8917304582E+001
1.4466666667E+001 5.8940992291E+001
1.4483333333E+001 5.8964636231E+001
1.4500000000E+001 5.8988236496E+001
1.4516666667E+001 5.9011793182E+001
1.4533333333E+001 5.9035306385E+001
1.4550000000E+001 5.9058776200E+001
1.4566666667E+001 5.9082202721E+001
1.4583333333E+001 5.9105586044E+001
1.4600000000E+001 5.9128926263E+001
1.4616666667E+001 5.9152223471E+001
1.4633333333E+001 5.9175477763E+001
1.4650000000E+001 5.9198689232E+001
1.4666666667E+001 5.9221857971E+001
1.4683333333E+001 5.9244984073E+001
1.4700000000E+001 5.9268067631E+001
1.4716666667E+001 5.9291108738E+001
1.4733333333E+001 5.9314107486E+001
1.4750000000E+001 5.9337063966E+001
1.4766666667E+001 5.9359978270E+001
1.4783333333E+001 5.9382850491E+001
1.4800000000E+001 5.9405680718E+001
1.4816666667E+001 5.9428469043E+001
1.4833333333E+001 5.9451215557E+001
1.4850000000E+001 5.9473920351E+001
1.4866666667E+001 5.9496583513E+001
1.4883333333E+001 5.9519205134E+001
1.4900000000E+001 5.9541785305E+001
1.4916666667E+001 5.9564324113E+001
1.4933333333E+001 5.9586821649E+001
1.4950000000E+001 5.9609278001E+001
1.4966666667E+001 5.9631693259E+001
1.4983333333E+001 5.9654067510E+001
1.5000000000E+001 5.9676400842E+001
1.5016666667E+001 5.9698693345E+001
1.5033333333E+001 5.9720945104E+001
1.5050000000E+001 5.9743156209E+001
1.5066666667E+001 5.9765326745E+001
1.5083333333E+001 5.9787456801E+001
1.5100000000E+001 5.9809546462E+001
1.5116666667E+001 5.9831595815E+001
1.5133333333E+001 5.9853604948E+001
1.5150000000E+001 5.9875573944E+001
1.5166666667E+001 5.9897502891E+001
1.5183333333E+001 5.9919391874E+001
1.5200000000E+001 5.9941240979E+001
1.5216666667E+001 5.9963050289E+001
1.5233333333E+001 5.9984819891E+001
1.5250000000E+001 6.0006549869E+001
1.5266666667E+001 6.0028240307E+001
1.5283333333E+001 6.0049891290E+001
1.5300000000E+001 6.0071502901E+001
1.5316666667E+001 6.0093075224E+001
1.5333333333E+001 6.0114608342E+001
1.5350000000E+001 6.0136102340E+001
1.5366666667E+001 6.0157557299E+001
1.5383333333E+001 6.0178973303E+001
1.5400000000E+001 6.0200350434E+001
1.5416666667E+001 6.0221688775E+001
1.5433333333E+001 6.0242988407E+001
1.5450000000E+001 6.0264249414E+001
1.5466666667E+001 6.0285471875E+001
1.5483333333E+001 6.0306655874E+001
1.5500000000E+001 6.0327801491E+001
1.5516666667E+001 6.0348908806E+001
1.5533333333E+001 6.0369977902E+001
1.5550000000E+001 6.0391008859E+001
1.5566666667E+001 6.0412001756E+001
1.5583333333E+001 6.0432956675E+001
1.5600000000E+001 6.0453873694E+001
1.5616666667E+001 6.0474752895E+001
1.5633333333E+001 6.0495594355E+001
1.5650000000E+001 6.0516398156E+001
1.5666666667E+001 6.0537164375E+001
1.5683333333E+001 6.0557893092E+001
1.5700000000E+001 6.0578584386E+001
1.5716666667E+001 6.0599238334E+001
1.5733333333E+001 6.0619855015E+001
1.5750000000E+001 6.0640434508E+001
1.5766666667E+001 6.0660976890E+001
1.5783333333E+001 6.0684593448E+001
1.5800000000E+001 6.0710711097E+001
1.5816666667E+001 6.0736609094E+001
1.5833333333E+001 6.0762429672E+001
1.5850000000E+001 6.0788173804E+001
1.5866666667E+001 6.0813842436E+001
1.5883333333E+001 6.0839436497E+001
1.5900000000E+001 6.0864956893E+001
1.5916666667E+001 6.0890404509E+001
1.5933333333E+001 6.0915780212E+001
1.5950000000E+001 6.0940560910E+001
1.5966666667E+001 6.0964868182E+001
1.5983333333E+001 6.0989035115E+001
1.6000000000E+001 6.1013064279E+001
1.6016666667E+001 6.1036958198E+001
1.6033333333E+001 6.1060719340E+001
1.6050000000E+001 6.1084350127E+001
1.6066666667E+001 6.1107852931E+001
1.6083333333E+001 6.1131230077E+001
1.6100000000E+001 6.1154483843E+001
1.6116666667E+001 6.1177616462E+001
1.6133333333E+001 6.1200630119E+001
1.6150000000E+001 6.1223526960E+001
1.6166666667E+001 6.1246309084E+001
1.6183333333E+001 6.1268978550E+001
1.6200000000E+001 6.1291537374E+001
1.6216666667E+001 6.1313987532E+001
1.6233333333E+001 6.1336330961E+001
1.6250000000E+001 6.1358569558E+001
1.6266666667E+001 6.1380705183E+001
1.6283333333E+001 6.1402739656E+001
1.6300000000E+001 6.1424674764E+001
1.6316666667E+001 6.1446512255E+001
1.6333333333E+001 6.1468253843E+001
1.6350000000E+001 6.1489901207E+001
1.6366666667E+001 6.1511455992E+001
1.6383333333E+001 6.1532919812E+001
1.6400000000E+001 6.1554294245E+001
1.6416666667E+001 6.1575580840E+001
1.6433333333E+001 6.1596781112E+001
1.6450000000E+001 6.1617896549E+001
1.6466666667E+001 6.1638928606E+001
1.6483333333E+001 6.1659878710E+001
1.6500000000E+001 6.1680748258E+001
1.6516666667E+001 6.1701538620E+001
1.6533333333E+001 6.1722251139E+001
1.6550000000E+001 6.1742887129E+001
1.6566666667E+001 6.1763447879E+001
1.6583333333E+001 6.1783934650E+001
1.6600000000E+001 6.1804348680E+001
1.6616666667E+001 6.1824691180E+001
1.6633333333E+001 6.1844963338E+001
1.6650000000E+001 6.1865166317E+001
1.6666666667E+001 6.1885301257E+001
1.6683333333E+001 6.1905369275E+001
1.6700000000E+001 6.1925371465E+001
1.6716666667E+001 6.1945308900E+001
1.6733333333E+001 6.1965182630E+001
1.6750000000E+001 6.1984993683E+001
1.6766666667E+001 6.2004743070E+001
1.6783333333E+001 6.2024431777E+001
1.6800000000E+001 6.2044060774E+001
1.6816666667E+001 6.2063631008E+001
1.6833333333E+001 6.2083143409E+001
1.6850000000E+001 6.2102598888E+001
1.6866666667E+001 6.2121998337E+001
1.6883333333E+001 6.2141342631E+001
1.6900000000E+001 6.2160632625E+001
1.6916666667E+001 6.2179869160E+001
1.6933333333E+001 6.2199053057E+001
1.6950000000E+001 6.2218185123E+001
1.6966666667E+001 6.2237266147E+001
1.6983333333E+001 6.2256296903E+001
1.7000000000E+001 6.2275278148E+001
1.7016666667E+001 6.2294210625E+001
1.7033333333E+001 6.2313095062E+001
1.7050000000E+001 6.2331932172E+001
1.7066666667E+001 6.2350722654E+001
1.7083333333E+001 6.2369467191E+001
1.7100000000E+001 6.2388166455E+001
1.7116666667E+001 6.2406821103E+001
1.7133333333E+001 6.2425431779E+001
1.7150000000E+001 6.2443999114E+001
1.7166666667E+001 6.2462523726E+001
1.7183333333E+001 6.2481006221E+001
1.7200000000E+001 6.2499447193E+001
1.7216666667E+001 6.2517847223E+001
1.7233333333E+001 6.2536206881E+001
1.7250000000E+001 6.2554526726E+001
1.7266666667E+001 6.2572807305E+001
1.7283333333E+001 6.2591049154E+001
1.7300000000E+001 6.2609252798E+001
1.7316666667E+001 6.2627418754E+001
1.7333333333E+001 6.2645547524E+001
1.7350000000E+001 6.2663639604E+001
1.7366666667E+001 6.2681695477E+001
1.7383333333E+001 6.2699715620E+001
1.7400000000E+001 6.2717700496E+001
1.7416666667E+001 6.2735650562E+001
1.7433333333E+001 6.2753566265E+001
1.7450000000E+001 6.2771448042E+001
1.7466666667E+001 6.2789296323E+001
1.7483333333E+001 6.2807111527E+001
1.7500000000E+001 6.2824894067E+001
1.7516666667E+001 6.2842644347E+001
1.7533333333E+001 6.2860362762E+001
1.7550000000E+001 6.2878049700E+001
1.7566666667E+001 6.2895705541E+001
1.7583333333E+001 6.2913330657E+001
1.7600000000E+001 6.2930925414E+001
1.7616666667E+001 6.2948490169E+001
1.7633333333E+001 6.2966025272E+001
1.7650000000E+001 6.2983531068E+001
1.7666666667E+001 6.3001007892E+001
1.7683333333E+001 6.3018456076E+001
1.7700000000E+001 6.3035875941E+001
1.7716666667E+001 6.3053267807E+001
1.7733333333E+001 6.3070631982E+001
1.7750000000E+001 6.3087968772E+001
1.7766666667E+001 6.3105278474E+001
1.7783333333E+001 6.3122561383E+001
1.7800000000E+001 6.3139817783E+001
1.7816666667E+001 6.3157047957E+001
1.7833333333E+001 6.3174252180E+001
1.7850000000E+001 6.3191430722E+001
1.7866666667E+001 6.3208583847E+001
1.7883333333E+001 6.3225711815E+001
1.7900000000E+001 6.3242814880E+001
1.7916666667E+001 6.3259893293E+001
1.7933333333E+001 6.3276947296E+001
1.7950000000E+001 6.3293977129E+001
1.7966666667E+001 6.3310983029E+001
1.7983333333E+001 6.3327965223E+001
1.8000000000E+001 6.3344923939E+001
1.8016666667E+001 6.3361859398E+001
1.8033333333E+001 6.3378771816E+001
1.8050000000E+001 6.3395661407E+001
1.8066666667E+001 6.3412528378E+001
1.8083333333E+001 6.3429372934E+001
1.8100000000E+001 6.3446195275E+001
1.8116666667E+001 6.3462995599E+001
1.8133333333E+001 6.3479774097E+001
1.8150000000E+001 6.3496530958E+001
1.8166666667E+001 6.3513266369E+001
1.8183333333E+001 6.3529980509E+001
1.8200000000E+001 6.3546673558E+001
1.8216666667E+001 6.3563345691E+001
1.8233333333E+001 6.3579997077E+001
1.8250000000E+001 6.3596627886E+001
1.8266666667E+001 6.3613238281E+001
1.8283333333E+001 6.3629828425E+001
1.8300000000E+001 6.3646398475E+001
1.8316666667E+001 6.3662948588E+001
1.8333333333E+001 6.3679478914E+001
1.8350000000E+001 6.3695989605E+001
1.8366666667E+001 6.3712480805E+001
1.8383333333E+001 6.3728952660E+001
1.8400000000E+001 6.3745405309E+001
1.8416666667E+001 6.3761838891E+001
1.8433333333E+001 6.3778253542E+001
1.8450000000E+001 6.3794649395E+001
1.8466666667E+001 6.3811026579E+001
1.8483333333E+001 6.3827385224E+001
1.8500000000E+001 6.3843725455E+001
1.8516666667E+001 6.3860047394E+001
1.8533333333E+001 6.3876351164E+001
1.8550000000E+001 6.3892636881E+001
1.8566666667E+001 6.3908904663E+001
1.8583333333E+001 6.3925154624E+001
1.8600000000E+001 6.3941386875E+001
1.8616666667E+001 6.3957601527E+001
1.8633333333E+001 6.3973798688E+001
1.8650000000E+001 6.3989978463E+001
1.8666666667E+001 6.4006140955E+001
1.8683333333E+001 6.4022286268E+001
1.8700000000E+001 6.4038414500E+001
1.8716666667E+001 6.4054525751E+001
1.8733333333E+001 6.4070620116E+001
1.8750000000E+001 6.4086697690E+001
1.8766666667E+001 6.4102758565E+001
1.8783333333E+001 6.4118802833E+001
1.8800000000E+001 6.4134830583E+001
1.8816666667E+001 6.4150841903E+001
1.8833333333E+001 6.4166836879E+001
1.8850000000E+001 6.4182815595E+001
1.8866666667E+001 6.4198778135E+001
1.8883333333E+001 6.4214724580E+001
1.8900000000E+001 6.4230655011E+001
1.8916666667E+001 6.4246569505E+001
1.8933333333E+001 6.4262468140E+001
1.8950000000E+001 6.4278350991E+001
1.8966666667E+001 6.4294218134E+001
1.8983333333E+001 6.4310069641E+001
1.9000000000E+001 6.4325905584E+001
1.9016666667E+001 6.4341726033E+001
1.9033333333E+001 6.4357531058E+001
1.9050000000E+001 6.4373320727E+001
1.9066666667E+001 6.4389095106E+001
1.9083333333E+001 6.4404854261E+001
1.9100000000E+001 6.4420598257E+001
1.9116666667E+001 6.4436327157E+001
1.9133333333E+001 6.4452041024E+001
1.9150000000E+001 6.4467739917E+001
1.9166666667E+001 6.4483423898E+001
1.9183333333E+001 6.4499093026E+001
1.9200000000E+001 6.4514747358E+001
1.9216666667E+001 6.4530386952E+001
1.9233333333E+001 6.4546011863E+001
1.9250000000E+001 6.4561622147E+001
1.9266666667E+001 6.4577217858E+001
1.9283333333E+001 6.4592799049E+001
1.9300000000E+001 6.4608365773E+001
1.9316666667E+001 6.4623918081E+001
1.9333333333E+001 6.4639456023E+001
1.9350000000E+001 6.4654979650E+001
1.9366666667E+001 6.4670489009E+001
1.9383333333E+001 6.4685984151E+001
1.9400000000E+001 6.4701465120E+001
1.9416666667E+001 6.4716931965E+001
1.9433333333E+001 6.4732384731E+001
1.9450000000E+001 6.4747823463E+001
1.9466666667E+001 6.4763248206E+001
1.9483333333E+001 6.4778659002E+001
1.9500000000E+001 6.4794055895E+001
1.9516666667E+001 6.4809438926E+001
1.9533333333E+001 6.4824808138E+001
1.9550000000E+001 6.4840163572E+001
1.9566666667E+001 6.4855505266E+001
1.9583333333E+001 6.4870833262E+001
1.9600000000E+001 6.4886147597E+001
1.9616666667E+001 6.4901448311E+001
1.9633333333E+001 6.4916735441E+001
1.9650000000E+001 6.4932009024E+001
1.9666666667E+001 6.4947269097E+001
1.9683333333E+001 6.4962515695E+001
1.9700000000E+001 6.4977748854E+001
1.9716666667E+001 6.4992968610E+001
1.9733333333E+001 6.5008174996E+001
1.9750000000E+001 6.5023368047E+001
1.9766666667E+001 6.5038547795E+001
1.9783333333E+001 6.5053714274E+001
1.9800000000E+001 6.5068867516E+001
1.9816666667E+001 6.5084007553E+001
1.9833333333E+001 6.5099134416E+001
1.9850000000E+001 6.5114248137E+001
1.9866666667E+001 6.5129348746E+001
1.9883333333E+001 6.5144436273E+001
1.9900000000E+001 6.5159510748E+001
1.9916666667E+001 6.5174572200E+001
1.9933333333E+001 6.5189620657E+001
1.9950000000E+001 6.5204656150E+001
1.9966666667E+001 6.5219678704E+001
1.9983333333E+001 6.5234688349E+001
2.0000000000E+001 6.5249685112E+001
