0.0000000000E+000 4.9951000000E+000
1.6666666667E-002 5.1666393807E+001
3.3333333333E-002 7.2233355801E+001
5.0000000000E-002 7.2765209690E+001
6.6666666667E-002 7.3099208985E+001
8.3333333333E-002 7.3314952446E+001
1.0000000000E-001 7.3455005447E+001
1.1666666667E-001 7.3543729623E+001
1.3333333333E-001 7.3595973361E+001
1.5000000000E-001 7.3621309909E+001
1.6666666667E-001 7.3625985396E+001
1.8333333333E-001 7.3613067333E+001
2.0000000000E-001 7.3801370372E+001
2.1666666667E-001 7.4443350589E+001
2.3333333333E-001 7.5024356595E+001
2.5000000000E-001 7.5551777026E+001
2.6666666667E-001 7.6031867903E+001
2.8333333333E-001 7.6469925871E+001
3.0000000000E-001 7.6870472123E+001
3.1666666667E-001 7.7237395283E+001
3.3333333333E-001 7.7574063525E+001
3.5000000000E-001 7.7883413331E+001
3.6666666667E-001 7.8168020360E+001
3.8333333333E-001 7.8430156464E+001
4.0000000000E-001 7.8670935911E+001
4.1666666667E-001 7.8892354244E+001
4.3333333333E-001 7.9097054970E+001
4.5000000000E-001 7.9286924022E+001
4.6666666667E-001 7.9463399277E+001
4.8333333333E-001 7.9627642091E+001
5.0000000000E-001 7.9780632720E+001
5.1666666667E-001 7.9922692873E+001
5.3333333333E-001 8.0051496544E+001
5.5000000000E-001 8.0171759591E+001
5.6666666667E-001 8.0283970263E+001
5.8333333333E-001 8.0388621022E+001
6.0000000000E-001 8.0486189206E+001
6.1666666667E-001 8.0577128360E+001
6.3333333333E-001 8.0661865168E+001
6.5000000000E-001 8.0739492063E+001
6.6666666667E-001 8.0808166759E+001
6.8333333333E-001 8.0871965099E+001
7.0000000000E-001 8.0931237357E+001
7.1666666667E-001 8.0986325844E+001
7.3333333333E-001 8.1037558662E+001
7.5000000000E-001 8.1085246967E+001
7.6666666667E-001 8.1129684176E+001
7.8333333333E-001 8.1171146142E+001
8.0000000000E-001 8.1209891808E+001
8.1666666667E-001 8.1246164052E+001
8.3333333333E-001 8.1280190620E+001
8.5000000000E-001 8.1312185040E+001
8.6666666667E-001 8.1342347525E+001
8.8333333333E-001 8.1370865809E+001
9.0000000000E-001 8.1397915944E+001
9.1666666667E-001 8.1423663042E+001
9.3333333333E-001 8.1448261961E+001
9.5000000000E-001 8.1471857954E+001
9.6666666667E-001 8.1494587260E+001
9.8333333333E-001 8.1516577672E+001
1.0000000000E+000 8.1537949046E+001
1.0166666667E+000 8.1558813797E+001
1.0333333333E+000 8.1579277341E+001
1.0500000000E+000 8.1599438526E+001
1.0666666667E+000 8.1619390020E+001
1.0833333333E+000 8.1639218681E+001
1.1000000000E+000 8.1659005905E+001
1.1166666667E+000 8.1678827940E+001
1.1333333333E+000 8.1698756194E+001
1.1500000000E+000 8.1718857512E+001
1.1666666667E+000 8.1739194444E+001
1.1833333333E+000 8.1759825484E+001
1.2000000000E+000 8.1780805312E+001
1.2166666667E+000 8.1802185000E+001
1.2333333333E+000 8.1824012225E+001
1.2500000000E+000 8.1846331451E+001
1.2666666667E+000 8.1869184115E+001
1.2833333333E+000 8.1892608791E+001
1.3000000000E+000 8.1916641352E+001
1.3166666667E+000 8.1941315113E+001
1.3333333333E+000 8.1966660976E+001
1.3500000000E+000 8.1992707559E+001
1.3666666667E+000 8.2019481320E+001
1.3833333333E+000 8.2047006676E+001
1.4000000000E+000 8.2075306108E+001
1.4166666667E+000 8.2104400269E+001
1.4333333333E+000 8.2134308083E+001
1.4500000000E+000 8.2165046831E+001
1.4666666667E+000 8.2196632245E+001
1.4833333333E+000 8.2229078584E+001
1.5000000000E+000 8.2262398718E+001
1.5166666667E+000 8.2296604198E+001
1.5333333333E+000 8.2331705325E+001
1.5500000000E+000 8.2367711218E+001
1.5666666667E+000 8.2404629874E+001
1.5833333333E+000 8.2442468231E+001
1.6000000000E+000 8.2481232217E+001
1.6166666667E+000 8.2520926810E+001
1.6333333333E+000 8.2561556084E+001
1.6500000000E+000 8.2603123260E+001
1.6666666667E+000 8.2645630745E+001
1.6833333333E+000 8.2689080182E+001
1.7000000000E+000 8.2733472487E+001
1.7166666667E+000 8.2778807887E+001
1.7333333333E+000 8.2825085959E+001
1.7500000000E+000 8.2872305665E+001
1.7666666667E+000 8.2920465380E+001
1.7833333333E+000 8.2969562932E+001
1.8000000000E+000 8.3019595624E+001
1.8166666667E+000 8.3070560268E+001
1.8333333333E+000 8.3122453209E+001
1.8500000000E+000 8.3175270354E+001
1.8666666667E+000 8.3229007191E+001
1.8833333333E+000 8.3283658821E+001
1.9000000000E+000 8.3339219970E+001
1.9166666667E+000 8.3395685019E+001
1.9333333333E+000 8.3453048021E+001
1.9500000000E+000 8.3511302719E+001
1.9666666667E+000 8.3570442565E+001
1.9833333333E+000 8.3630460741E+001
2.0000000000E+000 8.3691350171E+001
2.0166666667E+000 8.3753103539E+001
2.0333333333E+000 8.3815713305E+001
2.0500000000E+000 8.3879171719E+001
2.0666666667E+000 8.3943470833E+001
2.0833333333E+000 8.4008602520E+001
2.1000000000E+000 8.4074558478E+001
2.1166666667E+000 8.4141330250E+001
2.1333333333E+000 8.4208909231E+001
2.1500000000E+000 8.4277286681E+001
2.1666666667E+000 8.4346453734E+001
2.1833333333E+000 8.4416401411E+001
2.2000000000E+000 8.4487120625E+001
2.2166666667E+000 8.4558602195E+001
2.2333333333E+000 8.4630836852E+001
2.2500000000E+000 8.4703815248E+001
2.2666666667E+000 8.4777527962E+001
2.2833333333E+000 8.4851965514E+001
2.3000000000E+000 8.4927118363E+001
2.3166666667E+000 8.5002976924E+001
2.3333333333E+000 8.5079531565E+001
2.3500000000E+000 8.5156772622E+001
2.3666666667E+000 8.5234690398E+001
2.3833333333E+000 8.5313275173E+001
2.4000000000E+000 8.5392517211E+001
2.4166666667E+000 8.5472406759E+001
2.4333333333E+000 8.5552934057E+001
2.4500000000E+000 8.5634089344E+001
2.4666666667E+000 8.5715862858E+001
2.4833333333E+000 8.5798244844E+001
2.5000000000E+000 8.5881225556E+001
2.5166666667E+000 8.5964795263E+001
2.5333333333E+000 8.6048944251E+001
2.5500000000E+000 8.6133662828E+001
2.5666666667E+000 8.6218941327E+001
2.5833333333E+000 8.6304770110E+001
2.6000000000E+000 8.6391139569E+001
2.6166666667E+000 8.6478040131E+001
2.6333333333E+000 8.6565462262E+001
2.6500000000E+000 8.6653396464E+001
2.6666666667E+000 8.6741833287E+001
2.6833333333E+000 8.6830763322E+001
2.7000000000E+000 8.6920177209E+001
2.7166666667E+000 8.7010065637E+001
2.7333333333E+000 8.7100419348E+001
2.7500000000E+000 8.7191229137E+001
2.7666666667E+000 8.7282485855E+001
2.7833333333E+000 8.7374180409E+001
2.8000000000E+000 8.7466303767E+001
2.8166666667E+000 8.7558846957E+001
2.8333333333E+000 8.7651801070E+001
2.8500000000E+000 8.7745157258E+001
2.8666666667E+000 8.7838906741E+001
2.8833333333E+000 8.7933040804E+001
2.9000000000E+000 8.8027550800E+001
2.9166666667E+000 8.8122428149E+001
2.9333333333E+000 8.8217664342E+001
2.9500000000E+000 8.8313250939E+001
2.9666666667E+000 8.8409179574E+001
2.9833333333E+000 8.8505441950E+001
3.0000000000E+000 8.8602029846E+001
3.0166666667E+000 8.8698935112E+001
3.0333333333E+000 8.8796149674E+001
3.0500000000E+000 8.8893665533E+001
3.0666666667E+000 8.8991474764E+001
3.0833333333E+000 8.9089569519E+001
3.1000000000E+000 8.9187942027E+001
3.1166666667E+000 8.9286584592E+001
3.1333333333E+000 8.9385489598E+001
3.1500000000E+000 8.9484649502E+001
3.1666666667E+000 8.9584056844E+001
3.1833333333E+000 8.9683704237E+001
3.2000000000E+000 8.9783584376E+001
3.2166666667E+000 8.9883690032E+001
3.2333333333E+000 8.9984014056E+001
3.2500000000E+000 9.0084549375E+001
3.2666666667E+000 9.0185288996E+001
3.2833333333E+000 9.0286226006E+001
3.3000000000E+000 9.0387353567E+001
3.3166666667E+000 9.0488664924E+001
3.3333333333E+000 9.0590153395E+001
3.3500000000E+000 9.0691812380E+001
3.3666666667E+000 9.0793635357E+001
3.3833333333E+000 9.0895615879E+001
3.4000000000E+000 9.0997747581E+001
3.4166666667E+000 9.1100024173E+001
3.4333333333E+000 9.1202439442E+001
3.4500000000E+000 9.1304987253E+001
3.4666666667E+000 9.1407661548E+001
3.4833333333E+000 9.1510456345E+001
3.5000000000E+000 9.1613365739E+001
3.5166666667E+000 9.1716383901E+001
3.5333333333E+000 9.1819505075E+001
3.5500000000E+000 9.1922723585E+001
3.5666666667E+000 9.2026033825E+001
3.5833333333E+000 9.2129430267E+001
3.6000000000E+000 9.2232907455E+001
3.6166666667E+000 9.2336460008E+001
3.6333333333E+000 9.2440082618E+001
3.6500000000E+000 9.2543770048E+001
3.6666666667E+000 9.2647517136E+001
3.6833333333E+000 9.2751318791E+001
3.7000000000E+000 9.2855169993E+001
3.7166666667E+000 9.2959065793E+001
3.7333333333E+000 9.3063001313E+001
3.7500000000E+000 9.3166971744E+001
3.7666666667E+000 9.3270972348E+001
3.7833333333E+000 9.3374998454E+001
3.8000000000E+000 9.3479045462E+001
3.8166666667E+000 9.3583108838E+001
3.8333333333E+000 9.3687184115E+001
3.8500000000E+000 9.3791266894E+001
3.8666666667E+000 9.3895352843E+001
3.8833333333E+000 9.3999437693E+001
3.9000000000E+000 9.4103517244E+001
3.9166666667E+000 9.4207587358E+001
3.9333333333E+000 9.4311643961E+001
3.9500000000E+000 9.4415683043E+001
3.9666666667E+000 9.4519700658E+001
3.9833333333E+000 9.4623692922E+001
4.0000000000E+000 9.4727656011E+001
4.0166666667E+000 9.4831586165E+001
4.0333333333E+000 9.4935479683E+001
4.0500000000E+000 9.5039332923E+001
4.0666666667E+000 9.5143142305E+001
4.0833333333E+000 9.5246904307E+001
4.1000000000E+000 9.5350615464E+001
4.1166666667E+000 9.5454272371E+001
4.1333333333E+000 9.5557871678E+001
4.1500000000E+000 9.5661410093E+001
4.1666666667E+000 9.5764884380E+001
4.1833333333E+000 9.5868291357E+001
4.2000000000E+000 9.5971627898E+001
4.2166666667E+000 9.6074890931E+001
4.2333333333E+000 9.6178077438E+001
4.2500000000E+000 9.6281184454E+001
4.2666666667E+000 9.6384209066E+001
4.2833333333E+000 9.6487148412E+001
4.3000000000E+000 9.6589999684E+001
4.3166666667E+000 9.6692760122E+001
4.3333333333E+000 9.6795427019E+001
4.3500000000E+000 9.6897997714E+001
4.3666666667E+000 9.7000469599E+001
4.3833333333E+000 9.7102840111E+001
4.4000000000E+000 9.7205106737E+001
4.4166666667E+000 9.7307267011E+001
4.4333333333E+000 9.7409318513E+001
4.4500000000E+000 9.7511258871E+001
4.4666666667E+000 9.7613085756E+001
4.4833333333E+000 9.7714796886E+001
4.5000000000E+000 9.7816390024E+001
4.5166666667E+000 9.7917862975E+001
4.5333333333E+000 9.8019213589E+001
4.5500000000E+000 9.8120439759E+001
4.5666666667E+000 9.8221539420E+001
4.5833333333E+000 9.8322510548E+001
4.6000000000E+000 9.8423351162E+001
4.6166666667E+000 9.8524059321E+001
4.6333333333E+000 9.8624633123E+001
4.6500000000E+000 9.8725070708E+001
4.6666666667E+000 9.8825370255E+001
4.6833333333E+000 9.8925529980E+001
4.7000000000E+000 9.9025548138E+001
4.7166666667E+000 9.9125423022E+001
4.7333333333E+000 9.9225152964E+001
4.7500000000E+000 9.9324736329E+001
4.7666666667E+000 9.9424171520E+001
4.7833333333E+000 9.9523456978E+001
4.8000000000E+000 9.9622591175E+001
4.8166666667E+000 9.9721572621E+001
4.8333333333E+000 9.9820399859E+001
4.8500000000E+000 9.9919071466E+001
4.8666666667E+000 1.0001758605E+002
4.8833333333E+000 1.0011594226E+002
4.9000000000E+000 1.0021413877E+002
4.9166666667E+000 1.0031217429E+002
4.9333333333E+000 1.0041004755E+002
4.9500000000E+000 1.0050775733E+002
4.9666666667E+000 1.0060530242E+002
4.9833333333E+000 1.0070268167E+002
5.0000000000E+000 1.0079989392E+002
5.0166666667E+000 1.0089693808E+002
5.0333333333E+000 1.0099381305E+002
5.0500000000E+000 1.0109051779E+002
5.0666666667E+000 1.0118705128E+002
5.0833333333E+000 1.0128341251E+002
5.1000000000E+000 1.0137960052E+002
5.1166666667E+000 1.0147561437E+002
5.1333333333E+000 1.0157145313E+002
5.1500000000E+000 1.0166711593E+002
5.1666666667E+000 1.0176260189E+002
5.1833333333E+000 1.0185791017E+002
5.2000000000E+000 1.0195303997E+002
5.2166666667E+000 1.0204799050E+002
5.2333333333E+000 1.0214276098E+002
5.2500000000E+000 1.0223735068E+002
5.2666666667E+000 1.0233175887E+002
5.2833333333E+000 1.0242598487E+002
5.3000000000E+000 1.0252002801E+002
5.3166666667E+000 1.0261388762E+002
5.3333333333E+000 1.0270756308E+002
5.3500000000E+000 1.0280105379E+002
5.3666666667E+000 1.0289435916E+002
5.3833333333E+000 1.0298747863E+002
5.4000000000E+000 1.0308041165E+002
5.4166666667E+000 1.0317315770E+002
5.4333333333E+000 1.0326571627E+002
5.4500000000E+000 1.0335808689E+002
5.4666666667E+000 1.0345026908E+002
5.4833333333E+000 1.0354226241E+002
5.5000000000E+000 1.0363406644E+002
5.5166666667E+000 1.0372568077E+002
5.5333333333E+000 1.0381710500E+002
5.5500000000E+000 1.0390833877E+002
5.5666666667E+000 1.0399938172E+002
5.5833333333E+000 1.0409023350E+002
5.6000000000E+000 1.0418089381E+002
5.6166666667E+000 1.0427136233E+002
5.6333333333E+000 1.0436163878E+002
5.6500000000E+000 1.0445172288E+002
5.6666666667E+000 1.0454161438E+002
5.6833333333E+000 1.0463131304E+002
5.7000000000E+000 1.0472081863E+002
5.7166666667E+000 1.0481013094E+002
5.7333333333E+000 1.0489924978E+002
5.7500000000E+000 1.0498817496E+002
5.7666666667E+000 1.0507690632E+002
5.7833333333E+000 1.0516544371E+002
5.8000000000E+000 1.0525378697E+002
5.8166666667E+000 1.0534193600E+002
5.8333333333E+000 1.0542989067E+002
5.8500000000E+000 1.0551765088E+002
5.8666666667E+000 1.0560521655E+002
5.8833333333E+000 1.0569258761E+002
5.9000000000E+000 1.0577976399E+002
5.9166666667E+000 1.0586674564E+002
5.9333333333E+000 1.0595353252E+002
5.9500000000E+000 1.0604012460E+002
5.9666666667E+000 1.0612652188E+002
5.9833333333E+000 1.0621272434E+002
6.0000000000E+000 1.0629873199E+002
6.0166666667E+000 1.0638454485E+002
6.0333333333E+000 1.0647016295E+002
6.0500000000E+000 1.0655558633E+002
6.0666666667E+000 1.0664081504E+002
6.0833333333E+000 1.0672584912E+002
6.1000000000E+000 1.0681068866E+002
6.1166666667E+000 1.0689533373E+002
6.1333333333E+000 1.0697978442E+002
6.1500000000E+000 1.0706404082E+002
6.1666666667E+000 1.0714810305E+002
6.1833333333E+000 1.0723197120E+002
6.2000000000E+000 1.0731564542E+002
6.2166666667E+000 1.0739912583E+002
6.2333333333E+000 1.0748241256E+002
6.2500000000E+000 1.0756550578E+002
6.2666666667E+000 1.0764840563E+002
6.2833333333E+000 1.0773111228E+002
6.3000000000E+000 1.0781362589E+002
6.3166666667E+000 1.0789594666E+002
6.3333333333E+000 1.0797807477E+002
6.3500000000E+000 1.0806001041E+002
6.3666666667E+000 1.0814175378E+002
6.3833333333E+000 1.0822330509E+002
6.4000000000E+000 1.0830466455E+002
6.4166666667E+000 1.0838583239E+002
6.4333333333E+000 1.0846680884E+002
6.4500000000E+000 1.0854759412E+002
6.4666666667E+000 1.0862818848E+002
6.4833333333E+000 1.0870859216E+002
6.5000000000E+000 1.0878880543E+002
6.5166666667E+000 1.0886882852E+002
6.5333333333E+000 1.0894866172E+002
6.5500000000E+000 1.0902830528E+002
6.5666666667E+000 1.0910775949E+002
6.5833333333E+000 1.0918702462E+002
6.6000000000E+000 1.0926610096E+002
6.6166666667E+000 1.0934498880E+002
6.6333333333E+000 1.0942368843E+002
6.6500000000E+000 1.0950220016E+002
6.6666666667E+000 1.0958052428E+002
6.6833333333E+000 1.0965866111E+002
6.7000000000E+000 1.0973661097E+002
6.7166666667E+000 1.0981437416E+002
6.7333333333E+000 1.0989195101E+002
6.7500000000E+000 1.0996934185E+002
6.7666666667E+000 1.1004654701E+002
6.7833333333E+000 1.1012356682E+002
6.8000000000E+000 1.1020040163E+002
6.8166666667E+000 1.1027705176E+002
6.8333333333E+000 1.1035351758E+002
6.8500000000E+000 1.1042979942E+002
6.8666666667E+000 1.1050589765E+002
6.8833333333E+000 1.1058181261E+002
6.9000000000E+000 1.1065754466E+002
6.9166666667E+000 1.1073309418E+002
6.9333333333E+000 1.1080846152E+002
6.9500000000E+000 1.1088364705E+002
6.9666666667E+000 1.1095865114E+002
6.9833333333E+000 1.1103347417E+002
7.0000000000E+000 1.1110811652E+002
7.0166666667E+000 1.1118257856E+002
7.0333333333E+000 1.1125686068E+002
7.0500000000E+000 1.1133096325E+002
7.0666666667E+000 1.1140488668E+002
7.0833333333E+000 1.1147863135E+002
7.1000000000E+000 1.1155219764E+002
7.1166666667E+000 1.1162558596E+002
7.1333333333E+000 1.1169879670E+002
7.1500000000E+000 1.1177183025E+002
7.1666666667E+000 1.1184468703E+002
7.1833333333E+000 1.1191736742E+002
7.2000000000E+000 1.1198987184E+002
7.2166666667E+000 1.1206220069E+002
7.2333333333E+000 1.1213435438E+002
7.2500000000E+000 1.1220633331E+002
7.2666666667E+000 1.1227813790E+002
7.2833333333E+000 1.1234976857E+002
7.3000000000E+000 1.1242122571E+002
7.3166666667E+000 1.1249250975E+002
7.3333333333E+000 1.1256362111E+002
7.3500000000E+000 1.1263456021E+002
7.3666666667E+000 1.1270532745E+002
7.3833333333E+000 1.1277592327E+002
7.4000000000E+000 1.1284634808E+002
7.4166666667E+000 1.1291660231E+002
7.4333333333E+000 1.1298668637E+002
7.4500000000E+000 1.1305660070E+002
7.4666666667E+000 1.1312634573E+002
7.4833333333E+000 1.1319592187E+002
7.5000000000E+000 1.1326532955E+002
7.5166666667E+000 1.1333456920E+002
7.5333333333E+000 1.1340364126E+002
7.5500000000E+000 1.1347254614E+002
7.5666666667E+000 1.1354128429E+002
7.5833333333E+000 1.1360985612E+002
7.6000000000E+000 1.1367826208E+002
7.6166666667E+000 1.1374650259E+002
7.6333333333E+000 1.1381457808E+002
7.6500000000E+000 1.1388248900E+002
7.6666666667E+000 1.1395023576E+002
7.6833333333E+000 1.1401781881E+002
7.7000000000E+000 1.1408523858E+002
7.7166666667E+000 1.1415249550E+002
7.7333333333E+000 1.1421959001E+002
7.7500000000E+000 1.1428652255E+002
7.7666666667E+000 1.1435329353E+002
7.7833333333E+000 1.1441990341E+002
7.8000000000E+000 1.1448635262E+002
7.8166666667E+000 1.1455264158E+002
7.8333333333E+000 1.1461877074E+002
7.8500000000E+000 1.1468474054E+002
7.8666666667E+000 1.1475055139E+002
7.8833333333E+000 1.1481620375E+002
7.9000000000E+000 1.1488169805E+002
7.9166666667E+000 1.1494703472E+002
7.9333333333E+000 1.1501221419E+002
7.9500000000E+000 1.1507723690E+002
7.9666666667E+000 1.1514210329E+002
7.9833333333E+000 1.1520681379E+002
8.0000000000E+000 1.1527136883E+002
8.0166666667E+000 1.1533576884E+002
8.0333333333E+000 1.1540001426E+002
8.0500000000E+000 1.1546410553E+002
8.0666666667E+000 1.1552804306E+002
8.0833333333E+000 1.1559182731E+002
8.1000000000E+000 1.1565545869E+002
8.1166666667E+000 1.1571893765E+002
8.1333333333E+000 1.1578226460E+002
8.1500000000E+000 1.1584543999E+002
8.1666666667E+000 1.1590846424E+002
8.1833333333E+000 1.1597133777E+002
8.2000000000E+000 1.1603406103E+002
8.2166666667E+000 1.1609663444E+002
8.2333333333E+000 1.1615905842E+002
8.2500000000E+000 1.1622133340E+002
8.2666666667E+000 1.1628345981E+002
8.2833333333E+000 1.1634543808E+002
8.3000000000E+000 1.1640726863E+002
8.3166666667E+000 1.1646895189E+002
8.3333333333E+000 1.1653048828E+002
8.3500000000E+000 1.1659187822E+002
8.3666666667E+000 1.1665312213E+002
8.3833333333E+000 1.1671422045E+002
8.4000000000E+000 1.1677517358E+002
8.4166666667E+000 1.1683598195E+002
8.4333333333E+000 1.1689664599E+002
8.4500000000E+000 1.1695716610E+002
8.4666666667E+000 1.1701754271E+002
8.4833333333E+000 1.1707777623E+002
8.5000000000E+000 1.1713786708E+002
8.5166666667E+000 1.1719781568E+002
8.5333333333E+000 1.1725762244E+002
8.5500000000E+000 1.1731728777E+002
8.5666666667E+000 1.1737681209E+002
8.5833333333E+000 1.1743619581E+002
8.6000000000E+000 1.1749543935E+002
8.6166666667E+000 1.1755454310E+002
8.6333333333E+000 1.1761350749E+002
8.6500000000E+000 1.1767233292E+002
8.6666666667E+000 1.1773101979E+002
8.6833333333E+000 1.1778956852E+002
8.7000000000E+000 1.1784797951E+002
8.7166666667E+000 1.1790625317E+002
8.7333333333E+000 1.1796438990E+002
8.7500000000E+000 1.1802239010E+002
8.7666666667E+000 1.1808025417E+002
8.7833333333E+000 1.1813798252E+002
8.8000000000E+000 1.1819557554E+002
8.8166666667E+000 1.1825303364E+002
8.8333333333E+000 1.1831035721E+002
8.8500000000E+000 1.1836754664E+002
8.8666666667E+000 1.1842460235E+002
8.8833333333E+000 1.1848152471E+002
8.9000000000E+000 1.1853831413E+002
8.9166666667E+000 1.1859497099E+002
8.9333333333E+000 1.1865149569E+002
8.9500000000E+000 1.1870788862E+002
8.9666666667E+000 1.1876415017E+002
8.9833333333E+000 1.1882028073E+002
9.0000000000E+000 1.1887628068E+002
9.0166666667E+000 1.1893215041E+002
9.0333333333E+000 1.1898789030E+002
9.0500000000E+000 1.1904350075E+002
9.0666666667E+000 1.1909898213E+002
9.0833333333E+000 1.1915433483E+002
9.1000000000E+000 1.1920955922E+002
9.1166666667E+000 1.1926465569E+002
9.1333333333E+000 1.1931962461E+002
9.1500000000E+000 1.1937446637E+002
9.1666666667E+000 1.1942918134E+002
9.1833333333E+000 1.1948376989E+002
9.2000000000E+000 1.1953823240E+002
9.2166666667E+000 1.1959256924E+002
9.2333333333E+000 1.1964678079E+002
9.2500000000E+000 1.1970086741E+002
9.2666666667E+000 1.1975482948E+002
9.2833333333E+000 1.1980866736E+002
9.3000000000E+000 1.1986238142E+002
9.3166666667E+000 1.1991597203E+002
9.3333333333E+000 1.1996943955E+002
9.3500000000E+000 1.2002278435E+002
9.3666666667E+000 1.2007600679E+002
9.3833333333E+000 1.2012910724E+002
9.4000000000E+000 1.2018208604E+002
9.4166666667E+000 1.2023494357E+002
9.4333333333E+000 1.2028768018E+002
9.4500000000E+000 1.2034029623E+002
9.4666666667E+000 1.2039279207E+002
9.4833333333E+000 1.2044516806E+002
9.5000000000E+000 1.2049742456E+002
9.5166666667E+000 1.2054956191E+002
9.5333333333E+000 1.2060158047E+002
9.5500000000E+000 1.2065348058E+002
9.5666666667E+000 1.2070526261E+002
9.5833333333E+000 1.2075692689E+002
9.6000000000E+000 1.2080847377E+002
9.6166666667E+000 1.2085990361E+002
9.6333333333E+000 1.2091121673E+002
9.6500000000E+000 1.2096241349E+002
9.6666666667E+000 1.2101349424E+002
9.6833333333E+000 1.2106445930E+002
9.7000000000E+000 1.2111530903E+002
9.7166666667E+000 1.2116604375E+002
9.7333333333E+000 1.2121666381E+002
9.7500000000E+000 1.2126716955E+002
9.7666666667E+000 1.2131756130E+002
9.7833333333E+000 1.2136783940E+002
9.8000000000E+000 1.2141800417E+002
9.8166666667E+000 1.2146805595E+002
9.8333333333E+000 1.2151799507E+002
9.8500000000E+000 1.2156782187E+002
9.8666666667E+000 1.2161753667E+002
9.8833333333E+000 1.2166713979E+002
9.9000000000E+000 1.2171663157E+002
9.9166666667E+000 1.2176601234E+002
9.9333333333E+000 1.2181528240E+002
9.9500000000E+000 1.2186444210E+002
9.9666666667E+000 1.2191349174E+002
9.9833333333E+000 1.2196243165E+002
1.0000000000E+001 1.2201126216E+002
1.0016666667E+001 1.2205998358E+002
1.0033333333E+001 1.2210859622E+002
1.0050000000E+001 1.2215710041E+002
1.0066666667E+001 1.2220549646E+002
1.0083333333E+001 1.2225378468E+002
1.0100000000E+001 1.2230196539E+002
1.0116666667E+001 1.2235003889E+002
1.0133333333E+001 1.2239800551E+002
1.0150000000E+001 1.2244586555E+002
1.0166666667E+001 1.2249361932E+002
1.0183333333E+001 1.2254126712E+002
1.0200000000E+001 1.2258880927E+002
1.0216666667E+001 1.2263624607E+002
1.0233333333E+001 1.2268357782E+002
1.0250000000E+001 1.2273080483E+002
1.0266666667E+001 1.2277792740E+002
1.0283333333E+001 1.2282494582E+002
1.0300000000E+001 1.2287186041E+002
1.0316666667E+001 1.2291867147E+002
1.0333333333E+001 1.2296537927E+002
1.0350000000E+001 1.2301198414E+002
1.0366666667E+001 1.2305848635E+002
1.0383333333E+001 1.2310488621E+002
1.0400000000E+001 1.2315118402E+002
1.0416666667E+001 1.2319738005E+002
1.0433333333E+001 1.2324347461E+002
1.0450000000E+001 1.2328946799E+002
1.0466666667E+001 1.2333536046E+002
1.0483333333E+001 1.2338115234E+002
1.0500000000E+001 1.2342684389E+002
1.0516666667E+001 1.2347243542E+002
1.0533333333E+001 1.2351792719E+002
1.0550000000E+001 1.2356331951E+002
1.0566666667E+001 1.2360861264E+002
1.0583333333E+001 1.2365380688E+002
1.0600000000E+001 1.2369890250E+002
1.0616666667E+001 1.2374389979E+002
1.0633333333E+001 1.2378879903E+002
1.0650000000E+001 1.2383360049E+002
1.0666666667E+001 1.2387830445E+002
1.0683333333E+001 1.2392291118E+002
1.0700000000E+001 1.2396742097E+002
1.0716666667E+001 1.2401183409E+002
1.0733333333E+001 1.2405615081E+002
1.0750000000E+001 1.2410037140E+002
1.0766666667E+001 1.2414449613E+002
1.0783333333E+001 1.2418852528E+002
1.0800000000E+001 1.2423245911E+002
1.0816666667E+001 1.2427629790E+002
1.0833333333E+001 1.2432004191E+002
1.0850000000E+001 1.2436369140E+002
1.0866666667E+001 1.2440724665E+002
1.0883333333E+001 1.2445070791E+002
1.0900000000E+001 1.2449407546E+002
1.0916666667E+001 1.2453734955E+002
1.0933333333E+001 1.2458053044E+002
1.0950000000E+001 1.2462361840E+002
1.0966666667E+001 1.2466661369E+002
1.0983333333E+001 1.2470951656E+002
1.1000000000E+001 1.2475232727E+002
1.1016666667E+001 1.2479504609E+002
1.1033333333E+001 1.2483767326E+002
1.1050000000E+001 1.2488020904E+002
1.1066666667E+001 1.2492265369E+002
1.1083333333E+001 1.2496500746E+002
1.1100000000E+001 1.2500727060E+002
1.1116666667E+001 1.2504944336E+002
1.1133333333E+001 1.2509152600E+002
1.1150000000E+001 1.2513351875E+002
1.1166666667E+001 1.2517542189E+002
1.1183333333E+001 1.2521723564E+002
1.1200000000E+001 1.2525896026E+002
1.1216666667E+001 1.2530059599E+002
1.1233333333E+001 1.2534214308E+002
1.1250000000E+001 1.2538360178E+002
1.1266666667E+001 1.2542497232E+002
1.1283333333E+001 1.2546625495E+002
1.1300000000E+001 1.2550744991E+002
1.1316666667E+001 1.2554855744E+002
1.1333333333E+001 1.2558957779E+002
1.1350000000E+001 1.2563051118E+002
1.1366666667E+001 1.2567135787E+002
1.1383333333E+001 1.2571211808E+002
1.1400000000E+001 1.2575279205E+002
1.1416666667E+001 1.2579338002E+002
1.1433333333E+001 1.2583388223E+002
1.1450000000E+001 1.2587429890E+002
1.1466666667E+001 1.2591463027E+002
1.1483333333E+001 1.2595487658E+002
1.1500000000E+001 1.2599503805E+002
1.1516666667E+001 1.2603511491E+002
1.1533333333E+001 1.2607510740E+002
1.1550000000E+001 1.2611501574E+002
1.1566666667E+001 1.2615484017E+002
1.1583333333E+001 1.2619458090E+002
1.1600000000E+001 1.2623423817E+002
1.1616666667E+001 1.2627381220E+002
1.1633333333E+001 1.2631330322E+002
1.1650000000E+001 1.2635271144E+002
1.1666666667E+001 1.2639203710E+002
1.1683333333E+001 1.2643128042E+002
1.1700000000E+001 1.2647044162E+002
1.1716666667E+001 1.2650952091E+002
1.1733333333E+001 1.2654851852E+002
1.1750000000E+001 1.2658743467E+002
1.1766666667E+001 1.2662626958E+002
1.1783333333E+001 1.2666502346E+002
1.1800000000E+001 1.2670369653E+002
1.1816666667E+001 1.2674228901E+002
1.1833333333E+001 1.2678080111E+002
1.1850000000E+001 1.2681923306E+002
1.1866666667E+001 1.2685758505E+002
1.1883333333E+001 1.2689585731E+002
1.1900000000E+001 1.2693405004E+002
1.1916666667E+001 1.2697216346E+002
1.1933333333E+001 1.2701019779E+002
1.1950000000E+001 1.2704815322E+002
1.1966666667E+001 1.2708602997E+002
1.1983333333E+001 1.2712382825E+002
1.2000000000E+001 1.2716154827E+002
1.2016666667E+001 1.2719919023E+002
1.2033333333E+001 1.2723675434E+002
1.2050000000E+001 1.2727424080E+002
1.2066666667E+001 1.2731164983E+002
1.2083333333E+001 1.2734898162E+002
1.2100000000E+001 1.2738623637E+002
1.2116666667E+001 1.2742341430E+002
1.2133333333E+001 1.2746051560E+002
1.2150000000E+001 1.2749754048E+002
1.2166666667E+001 1.2753448913E+002
1.2183333333E+001 1.2757136176E+002
1.2200000000E+001 1.2760815856E+002
1.2216666667E+001 1.2764487973E+002
1.2233333333E+001 1.2768152548E+002
1.2250000000E+001 1.2771809599E+002
1.2266666667E+001 1.2775459147E+002
1.2283333333E+001 1.2779101210E+002
1.2300000000E+001 1.2782735810E+002
1.2316666667E+001 1.2786362964E+002
1.2333333333E+001 1.2789982693E+002
1.2350000000E+001 1.2793595016E+002
1.2366666667E+001 1.2797199951E+002
1.2383333333E+001 1.2800797519E+002
1.2400000000E+001 1.2804387738E+002
1.2416666667E+001 1.2807970627E+002
1.2433333333E+001 1.2811546206E+002
1.2450000000E+001 1.2815114492E+002
1.2466666667E+001 1.2818675506E+002
1.2483333333E+001 1.2822229266E+002
1.2500000000E+001 1.2825775790E+002
1.2516666667E+001 1.2829315097E+002
1.2533333333E+001 1.2832847206E+002
1.2550000000E+001 1.2836372135E+002
1.2566666667E+001 1.2839889904E+002
1.2583333333E+001 1.2843400529E+002
1.2600000000E+001 1.2846904030E+002
1.2616666667E+001 1.2850400424E+002
1.2633333333E+001 1.2853889731E+002
1.2650000000E+001 1.2857371967E+002
1.2666666667E+001 1.2860847152E+002
1.2683333333E+001 1.2864315303E+002
1.2700000000E+001 1.2867776439E+002
1.2716666667E+001 1.2871230576E+002
1.2733333333E+001 1.2874677733E+002
1.2750000000E+001 1.2878117928E+002
1.2766666667E+001 1.2881551179E+002
1.2783333333E+001 1.2884977502E+002
1.2800000000E+001 1.2888396917E+002
1.2816666667E+001 1.2891809439E+002
1.2833333333E+001 1.2895215087E+002
1.2850000000E+001 1.2898613878E+002
1.2866666667E+001 1.2902005830E+002
1.2883333333E+001 1.2905390959E+002
1.2900000000E+001 1.2908769283E+002
1.2916666667E+001 1.2912140820E+002
1.2933333333E+001 1.2915505586E+002
1.2950000000E+001 1.2918863598E+002
1.2966666667E+001 1.2922214874E+002
1.2983333333E+001 1.2925559429E+002
1.3000000000E+001 1.2928897283E+002
1.3016666667E+001 1.2932228450E+002
1.3033333333E+001 1.2935552948E+002
1.3050000000E+001 1.2938870793E+002
1.3066666667E+001 1.2942182003E+002
1.3083333333E+001 1.2945486594E+002
1.3100000000E+001 1.2948784582E+002
1.3116666667E+001 1.2952075984E+002
1.3133333333E+001 1.2955360816E+002
1.3150000000E+001 1.2958639095E+002
1.3166666667E+001 1.2961910837E+002
1.3183333333E+001 1.2965176059E+002
1.3200000000E+001 1.2968434776E+002
1.3216666667E+001 1.2971687005E+002
1.3233333333E+001 1.2974932762E+002
1.3250000000E+001 1.2978172062E+002
1.3266666667E+001 1.2981404923E+002
1.3283333333E+001 1.2984631360E+002
1.3300000000E+001 1.2987851388E+002
1.3316666667E+001 1.2991065024E+002
1.3333333333E+001 1.2994272284E+002
1.3350000000E+001 1.2997473183E+002
1.3366666667E+001 1.3000667736E+002
1.3383333333E+001 1.3003855961E+002
1.3400000000E+001 1.3007037871E+002
1.3416666667E+001 1.3010213484E+002
1.3433333333E+001 1.3013382813E+002
1.3450000000E+001 1.3016545875E+002
1.3466666667E+001 1.3019702686E+002
1.3483333333E+001 1.3022853259E+002
1.3500000000E+001 1.3025997612E+002
1.3516666667E+001 1.3029135758E+002
1.3533333333E+001 1.3032267713E+002
1.3550000000E+001 1.3035393493E+002
1.3566666667E+001 1.3038513112E+002
1.3583333333E+001 1.3041626586E+002
1.3600000000E+001 1.3044733929E+002
1.3616666667E+001 1.3047835156E+002
1.3633333333E+001 1.3050930282E+002
1.3650000000E+001 1.3054019323E+002
1.3666666667E+001 1.3057102292E+002
1.3683333333E+001 1.3060179205E+002
1.3700000000E+001 1.3063250077E+002
1.3716666667E+001 1.3066314921E+002
1.3733333333E+001 1.3069373753E+002
1.3750000000E+001 1.3072426588E+002
1.3766666667E+001 1.3075473439E+002
1.3783333333E+001 1.3078514321E+002
1.3800000000E+001 1.3081549249E+002
1.3816666667E+001 1.3084578236E+002
1.3833333333E+001 1.3087601298E+002
1.3850000000E+001 1.3090618449E+002
1.3866666667E+001 1.3093629703E+002
1.3883333333E+001 1.3096635073E+002
1.3900000000E+001 1.3099634575E+002
1.3916666667E+001 1.3102628222E+002
1.3933333333E+001 1.3105616028E+002
1.3950000000E+001 1.3108598008E+002
1.3966666667E+001 1.3111574175E+002
1.3983333333E+001 1.3114544543E+002
1.4000000000E+001 1.3117509126E+002
1.4016666667E+001 1.3120467939E+002
1.4033333333E+001 1.3123420994E+002
1.4050000000E+001 1.3126368305E+002
1.4066666667E+001 1.3129309887E+002
1.4083333333E+001 1.3132245753E+002
1.4100000000E+001 1.3135175916E+002
1.4116666667E+001 1.3138100390E+002
1.4133333333E+001 1.3141019189E+002
1.4150000000E+001 1.3143932326E+002
1.4166666667E+001 1.3146839815E+002
1.4183333333E+001 1.3149741668E+002
1.4200000000E+001 1.3152637900E+002
1.4216666667E+001 1.3155528523E+002
1.4233333333E+001 1.3158413552E+002
1.4250000000E+001 1.3161292998E+002
1.4266666667E+001 1.3164166876E+002
1.4283333333E+001 1.3167035199E+002
1.4300000000E+001 1.3169897979E+002
1.4316666667E+001 1.3172755229E+002
1.4333333333E+001 1.3175606964E+002
1.4350000000E+001 1.3178453195E+002
1.4366666667E+001 1.3181293936E+002
1.4383333333E+001 1.3184129199E+002
1.4400000000E+001 1.3186958998E+002
1.4416666667E+001 1.3189783345E+002
1.4433333333E+001 1.3192602254E+002
1.4450000000E+001 1.3195415736E+002
1.4466666667E+001 1.3198223805E+002
1.4483333333E+001 1.3201026473E+002
1.4500000000E+001 1.3203823753E+002
1.4516666667E+001 1.3206615657E+002
1.4533333333E+001 1.3209402198E+002
1.4550000000E+001 1.3212183389E+002
1.4566666667E+001 1.3214959242E+002
1.4583333333E+001 1.3217729770E+002
1.4600000000E+001 1.3220494984E+002
1.4616666667E+001 1.3223254898E+002
1.4633333333E+001 1.3226009523E+002
1.4650000000E+001 1.3228758872E+002
1.4666666667E+001 1.3231502957E+002
1.4683333333E+001 1.3234241791E+002
1.4700000000E+001 1.3236975385E+002
1.4716666667E+001 1.3239703751E+002
1.4733333333E+001 1.3242426903E+002
1.4750000000E+001 1.3245144851E+002
1.4766666667E+001 1.3247857608E+002
1.4783333333E+001 1.3250565186E+002
1.4800000000E+001 1.3253267597E+002
1.4816666667E+001 1.3255964853E+002
1.4833333333E+001 1.3258656965E+002
1.4850000000E+001 1.3261343946E+002
1.4866666667E+001 1.3264025807E+002
1.4883333333E+001 1.3266702560E+002
1.4900000000E+001 1.3269374217E+002
1.4916666667E+001 1.3272040790E+002
1.4933333333E+001 1.3274702289E+002
1.4950000000E+001 1.3277358728E+002
1.4966666667E+001 1.3280010117E+002
1.4983333333E+001 1.3282656468E+002
1.5000000000E+001 1.3285297793E+002
1.5016666667E+001 1.3287934102E+002
1.5033333333E+001 1.3290565409E+002
1.5050000000E+001 1.3293191723E+002
1.5066666667E+001 1.3295813056E+002
1.5083333333E+001 1.3298429421E+002
1.5100000000E+001 1.3301040827E+002
1.5116666667E+001 1.3303647287E+002
1.5133333333E+001 1.3306248811E+002
1.5150000000E+001 1.3308845411E+002
1.5166666667E+001 1.3311437098E+002
1.5183333333E+001 1.3314023883E+002
1.5200000000E+001 1.3316605778E+002
1.5216666667E+001 1.3319182793E+002
1.5233333333E+001 1.3321754940E+002
1.5250000000E+001 1.3324322229E+002
1.5266666667E+001 1.3326884671E+002
1.5283333333E+001 1.3329442278E+002
1.5300000000E+001 1.3331995061E+002
1.5316666667E+001 1.3334543030E+002
1.5333333333E+001 1.3337086196E+002
1.5350000000E+001 1.3339624570E+002
1.5366666667E+001 1.3342158163E+002
1.5383333333E+001 1.3344686985E+002
1.5400000000E+001 1.3347211048E+002
1.5416666667E+001 1.3349730362E+002
1.5433333333E+001 1.3352244938E+002
1.5450000000E+001 1.3354754786E+002
1.5466666667E+001 1.3357259917E+002
1.5483333333E+001 1.3359760342E+002
1.5500000000E+001 1.3362256070E+002
1.5516666667E+001 1.3364747114E+002
1.5533333333E+001 1.3367233483E+002
1.5550000000E+001 1.3369715187E+002
1.5566666667E+001 1.3372192238E+002
1.5583333333E+001 1.3374664645E+002
1.5600000000E+001 1.3377132418E+002
1.5616666667E+001 1.3379595569E+002
1.5633333333E+001 1.3382054108E+002
1.5650000000E+001 1.3384508044E+002
1.5666666667E+001 1.3386957389E+002
1.5683333333E+001 1.3389402151E+002
1.5700000000E+001 1.3391842343E+002
1.5716666667E+001 1.3394277973E+002
1.5733333333E+001 1.3396709051E+002
1.5750000000E+001 1.3399135589E+002
1.5766666667E+001 1.3401557595E+002
1.5783333333E+001 1.3404267535E+002
1.5800000000E+001 1.3407210078E+002
1.5816666667E+001 1.3410128252E+002
1.5833333333E+001 1.3413035511E+002
1.5850000000E+001 1.3415932022E+002
1.5866666667E+001 1.3418817944E+002
1.5883333333E+001 1.3421693436E+002
1.5900000000E+001 1.3424558653E+002
1.5916666667E+001 1.3427413745E+002
1.5933333333E+001 1.3430258857E+002
1.5950000000E+001 1.3433041106E+002
1.5966666667E+001 1.3435769490E+002
1.5983333333E+001 1.3438475537E+002
1.6000000000E+001 1.3441159678E+002
1.6016666667E+001 1.3443822336E+002
1.6033333333E+001 1.3446463925E+002
1.6050000000E+001 1.3449084851E+002
1.6066666667E+001 1.3451685511E+002
1.6083333333E+001 1.3454266294E+002
1.6100000000E+001 1.3456827583E+002
1.6116666667E+001 1.3459369751E+002
1.6133333333E+001 1.3461893164E+002
1.6150000000E+001 1.3464398182E+002
1.6166666667E+001 1.3466885154E+002
1.6183333333E+001 1.3469354426E+002
1.6200000000E+001 1.3471806335E+002
1.6216666667E+001 1.3474241211E+002
1.6233333333E+001 1.3476659378E+002
1.6250000000E+001 1.3479061153E+002
1.6266666667E+001 1.3481446847E+002
1.6283333333E+001 1.3483816763E+002
1.6300000000E+001 1.3486171200E+002
1.6316666667E+001 1.3488510450E+002
1.6333333333E+001 1.3490834799E+002
1.6350000000E+001 1.3493144527E+002
1.6366666667E+001 1.3495439909E+002
1.6383333333E+001 1.3497721212E+002
1.6400000000E+001 1.3499988702E+002
1.6416666667E+001 1.3502242635E+002
1.6433333333E+001 1.3504483265E+002
1.6450000000E+001 1.3506710839E+002
1.6466666667E+001 1.3508925599E+002
1.6483333333E+001 1.3511127784E+002
1.6500000000E+001 1.3513317625E+002
1.6516666667E+001 1.3515495351E+002
1.6533333333E+001 1.3517661185E+002
1.6550000000E+001 1.3519815347E+002
1.6566666667E+001 1.3521958049E+002
1.6583333333E+001 1.3524089502E+002
1.6600000000E+001 1.3526209912E+002
1.6616666667E+001 1.3528319480E+002
1.6633333333E+001 1.3530418404E+002
1.6650000000E+001 1.3532506875E+002
1.6666666667E+001 1.3534585085E+002
1.6683333333E+001 1.3536653218E+002
1.6700000000E+001 1.3538711456E+002
1.6716666667E+001 1.3540759976E+002
1.6733333333E+001 1.3542798954E+002
1.6750000000E+001 1.3544828560E+002
1.6766666667E+001 1.3546848960E+002
1.6783333333E+001 1.3548860320E+002
1.6800000000E+001 1.3550862798E+002
1.6816666667E+001 1.3552856554E+002
1.6833333333E+001 1.3554841739E+002
1.6850000000E+001 1.3556818506E+002
1.6866666667E+001 1.3558787002E+002
1.6883333333E+001 1.3560747372E+002
1.6900000000E+001 1.3562699757E+002
1.6916666667E+001 1.3564644297E+002
1.6933333333E+001 1.3566581126E+002
1.6950000000E+001 1.3568510380E+002
1.6966666667E+001 1.3570432187E+002
1.6983333333E+001 1.3572346676E+002
1.7000000000E+001 1.3574253973E+002
1.7016666667E+001 1.3576154199E+002
1.7033333333E+001 1.3578047474E+002
1.7050000000E+001 1.3579933918E+002
1.7066666667E+001 1.3581813644E+002
1.7083333333E+001 1.3583686767E+002
1.7100000000E+001 1.3585553395E+002
1.7116666667E+001 1.3587413639E+002
1.7133333333E+001 1.3589267603E+002
1.7150000000E+001 1.3591115393E+002
1.7166666667E+001 1.3592957109E+002
1.7183333333E+001 1.3594792852E+002
1.7200000000E+001 1.3596622719E+002
1.7216666667E+001 1.3598446806E+002
1.7233333333E+001 1.3600265207E+002
1.7250000000E+001 1.3602078013E+002
1.7266666667E+001 1.3603885316E+002
1.7283333333E+001 1.3605687202E+002
1.7300000000E+001 1.3607483758E+002
1.7316666667E+001 1.3609275069E+002
1.7333333333E+001 1.3611061218E+002
1.7350000000E+001 1.3612842286E+002
1.7366666667E+001 1.3614618352E+002
1.7383333333E+001 1.3616389494E+002
1.7400000000E+001 1.3618155789E+002
1.7416666667E+001 1.3619917311E+002
1.7433333333E+001 1.3621674134E+002
1.7450000000E+001 1.3623426329E+002
1.7466666667E+001 1.3625173966E+002
1.7483333333E+001 1.3626917115E+002
1.7500000000E+001 1.3628655843E+002
1.7516666667E+001 1.3630390215E+002
1.7533333333E+001 1.3632120298E+002
1.7550000000E+001 1.3633846153E+002
1.7566666667E+001 1.3635567843E+002
1.7583333333E+001 1.3637285430E+002
1.7600000000E+001 1.3638998972E+002
1.7616666667E+001 1.3640708528E+002
1.7633333333E+001 1.3642414155E+002
1.7650000000E+001 1.3644115909E+002
1.7666666667E+001 1.3645813846E+002
1.7683333333E+001 1.3647508019E+002
1.7700000000E+001 1.3649198480E+002
1.7716666667E+001 1.3650885282E+002
1.7733333333E+001 1.3652568474E+002
1.7750000000E+001 1.3654248107E+002
1.7766666667E+001 1.3655924229E+002
1.7783333333E+001 1.3657596888E+002
1.7800000000E+001 1.3659266130E+002
1.7816666667E+001 1.3660932000E+002
1.7833333333E+001 1.3662594544E+002
1.7850000000E+001 1.3664253806E+002
1.7866666667E+001 1.3665909828E+002
1.7883333333E+001 1.3667562652E+002
1.7900000000E+001 1.3669212321E+002
1.7916666667E+001 1.3670858873E+002
1.7933333333E+001 1.3672502348E+002
1.7950000000E+001 1.3674142787E+002
1.7966666667E+001 1.3675780225E+002
1.7983333333E+001 1.3677414701E+002
1.8000000000E+001 1.3679046252E+002
1.8016666667E+001 1.3680674912E+002
1.8033333333E+001 1.3682300717E+002
1.8050000000E+001 1.3683923701E+002
1.8066666667E+001 1.3685543898E+002
1.8083333333E+001 1.3687161341E+002
1.8100000000E+001 1.3688776062E+002
1.8116666667E+001 1.3690388093E+002
1.8133333333E+001 1.3691997464E+002
1.8150000000E+001 1.3693604206E+002
1.8166666667E+001 1.3695208350E+002
1.8183333333E+001 1.3696809923E+002
1.8200000000E+001 1.3698408955E+002
1.8216666667E+001 1.3700005473E+002
1.8233333333E+001 1.3701599506E+002
1.8250000000E+001 1.3703191080E+002
1.8266666667E+001 1.3704780220E+002
1.8283333333E+001 1.3706366955E+002
1.8300000000E+001 1.3707951307E+002
1.8316666667E+001 1.3709533304E+002
1.8333333333E+001 1.3711112967E+002
1.8350000000E+001 1.3712690323E+002
1.8366666667E+001 1.3714265393E+002
1.8383333333E+001 1.3715838201E+002
1.8400000000E+001 1.3717408769E+002
1.8416666667E+001 1.3718977120E+002
1.8433333333E+001 1.3720543275E+002
1.8450000000E+001 1.3722107254E+002
1.8466666667E+001 1.3723669079E+002
1.8483333333E+001 1.3725228771E+002
1.8500000000E+001 1.3726786348E+002
1.8516666667E+001 1.3728341830E+002
1.8533333333E+001 1.3729895238E+002
1.8550000000E+001 1.3731446588E+002
1.8566666667E+001 1.3732995900E+002
1.8583333333E+001 1.3734543192E+002
1.8600000000E+001 1.3736088482E+002
1.8616666667E+001 1.3737631786E+002
1.8633333333E+001 1.3739173122E+002
1.8650000000E+001 1.3740712506E+002
1.8666666667E+001 1.3742249955E+002
1.8683333333E+001 1.3743785485E+002
1.8700000000E+001 1.3745319111E+002
1.8716666667E+001 1.3746850849E+002
1.8733333333E+001 1.3748380714E+002
1.8750000000E+001 1.3749908720E+002
1.8766666667E+001 1.3751434883E+002
1.8783333333E+001 1.3752959216E+002
1.8800000000E+001 1.3754481733E+002
1.8816666667E+001 1.3756002449E+002
1.8833333333E+001 1.3757521376E+002
1.8850000000E+001 1.3759038528E+002
1.8866666667E+001 1.3760553917E+002
1.8883333333E+001 1.3762067556E+002
1.8900000000E+001 1.3763579458E+002
1.8916666667E+001 1.3765089635E+002
1.8933333333E+001 1.3766598098E+002
1.8950000000E+001 1.3768104860E+002
1.8966666667E+001 1.3769609932E+002
1.8983333333E+001 1.3771113324E+002
1.9000000000E+001 1.3772615050E+002
1.9016666667E+001 1.3774115118E+002
1.9033333333E+001 1.3775613540E+002
1.9050000000E+001 1.3777110326E+002
1.9066666667E+001 1.3778605486E+002
1.9083333333E+001 1.3780099031E+002
1.9100000000E+001 1.3781590970E+002
1.9116666667E+001 1.3783081313E+002
1.9133333333E+001 1.3784570070E+002
1.9150000000E+001 1.3786057249E+002
1.9166666667E+001 1.3787542860E+002
1.9183333333E+001 1.3789026912E+002
1.9200000000E+001 1.3790509414E+002
1.9216666667E+001 1.3791990374E+002
1.9233333333E+001 1.3793469801E+002
1.9250000000E+001 1.3794947703E+002
1.9266666667E+001 1.3796424088E+002
1.9283333333E+001 1.3797898964E+002
1.9300000000E+001 1.3799372340E+002
1.9316666667E+001 1.3800844222E+002
1.9333333333E+001 1.3802314619E+002
1.9350000000E+001 1.3803783538E+002
1.9366666667E+001 1.3805250986E+002
1.9383333333E+001 1.3806716970E+002
1.9400000000E+001 1.3808181498E+002
1.9416666667E+001 1.3809644576E+002
1.9433333333E+001 1.3811106211E+002
1.9450000000E+001 1.3812566410E+002
1.9466666667E+001 1.3814025179E+002
1.9483333333E+001 1.3815482525E+002
1.9500000000E+001 1.3816938454E+002
1.9516666667E+001 1.3818392972E+002
1.9533333333E+001 1.3819846086E+002
1.9550000000E+001 1.3821297801E+002
1.9566666667E+001 1.3822748123E+002
1.9583333333E+001 1.3824197059E+002
1.9600000000E+001 1.3825644613E+002
1.9616666667E+001 1.3827090791E+002
1.9633333333E+001 1.3828535599E+002
1.9650000000E+001 1.3829979042E+002
1.9666666667E+001 1.3831421126E+002
1.9683333333E+001 1.3832861855E+002
1.9700000000E+001 1.3834301235E+002
1.9716666667E+001 1.3835739271E+002
1.9733333333E+001 1.3837175967E+002
1.9750000000E+001 1.3838611329E+002
1.9766666667E+001 1.3840045361E+002
1.9783333333E+001 1.3841478069E+002
1.9800000000E+001 1.3842909455E+002
1.9816666667E+001 1.3844339526E+002
1.9833333333E+001 1.3845768286E+002
1.9850000000E+001 1.3847195739E+002
1.9866666667E+001 1.3848621889E+002
1.9883333333E+001 1.3850046740E+002
1.9900000000E+001 1.3851470297E+002
1.9916666667E+001 1.3852892564E+002
1.9933333333E+001 1.3854313545E+002
1.9950000000E+001 1.3855733244E+002
1.9966666667E+001 1.3857151665E+002
1.9983333333E+001 1.3858568811E+002
2.0000000000E+001 1.3859984686E+002
