0.0000000000E+000 0.0000000000E+000
1.6666666667E-002 1.2537701000E+002
3.3333333333E-002 1.4622468488E+002
5.0000000000E-002 1.5152211270E+002
6.6666666667E-002 1.5589107288E+002
8.3333333333E-002 1.5959121921E+002
1.0000000000E-001 1.6277782321E+002
1.1666666667E-001 1.6555382223E+002
1.3333333333E-001 1.6799114812E+002
1.5000000000E-001 1.7014224941E+002
1.6666666667E-001 1.7204673240E+002
1.8333333333E-001 1.7374206976E+002
2.0000000000E-001 1.7525515112E+002
2.1666666667E-001 1.7660336597E+002
2.3333333333E-001 1.7780144928E+002
2.5000000000E-001 1.7886189256E+002
2.6666666667E-001 1.7979589819E+002
2.8333333333E-001 1.8061330538E+002
3.0000000000E-001 1.8132283438E+002
3.1666666667E-001 1.8193227993E+002
3.3333333333E-001 1.8244866411E+002
3.5000000000E-001 1.8287835737E+002
3.6666666667E-001 1.8322717479E+002
3.8333333333E-001 1.8350045301E+002
4.0000000000E-001 1.8358969768E+002
4.1666666667E-001 1.8349839166E+002
4.3333333333E-001 1.8330685314E+002
4.5000000000E-001 1.8305855985E+002
4.6666666667E-001 1.8277813240E+002
4.8333333333E-001 1.8247959177E+002
5.0000000000E-001 1.8217097881E+002
5.1666666667E-001 1.8185713598E+002
5.3333333333E-001 1.8154780714E+002
5.5000000000E-001 1.8124345424E+002
5.6666666667E-001 1.8094146556E+002
5.8333333333E-001 1.8064068675E+002
6.0000000000E-001 1.8034068057E+002
6.1666666667E-001 1.8004135286E+002
6.3333333333E-001 1.7974276576E+002
6.5000000000E-001 1.7944278309E+002
6.6666666667E-001 1.7911635901E+002
6.8333333333E-001 1.7876074859E+002
7.0000000000E-001 1.7837898953E+002
7.1666666667E-001 1.7797354738E+002
7.3333333333E-001 1.7754651434E+002
7.5000000000E-001 1.7709971936E+002
7.6666666667E-001 1.7663479409E+002
7.8333333333E-001 1.7615321494E+002
8.0000000000E-001 1.7565633143E+002
8.1666666667E-001 1.7514538625E+002
8.3333333333E-001 1.7462153013E+002
8.5000000000E-001 1.7408583320E+002
8.6666666667E-001 1.7353929396E+002
8.8333333333E-001 1.7298284652E+002
9.0000000000E-001 1.7241736657E+002
9.1666666667E-001 1.7184367642E+002
9.3333333333E-001 1.7126254921E+002
9.5000000000E-001 1.7067471269E+002
9.6666666667E-001 1.7008085240E+002
9.8333333333E-001 1.6948161459E+002
1.0000000000E+000 1.6887760879E+002
1.0166666667E+000 1.6826941015E+002
1.0333333333E+000 1.6765756153E+002
1.0500000000E+000 1.6704257552E+002
1.0666666667E+000 1.6642493616E+002
1.0833333333E+000 1.6580510066E+002
1.1000000000E+000 1.6518350094E+002
1.1166666667E+000 1.6456054504E+002
1.1333333333E+000 1.6393661849E+002
1.1500000000E+000 1.6331208556E+002
1.1666666667E+000 1.6268729046E+002
1.1833333333E+000 1.6206255843E+002
1.2000000000E+000 1.6143819679E+002
1.2166666667E+000 1.6081449589E+002
1.2333333333E+000 1.6019173009E+002
1.2500000000E+000 1.5957015855E+002
1.2666666667E+000 1.5895002612E+002
1.2833333333E+000 1.5833156405E+002
1.3000000000E+000 1.5771499074E+002
1.3166666667E+000 1.5710051240E+002
1.3333333333E+000 1.5648832372E+002
1.3500000000E+000 1.5587860845E+002
1.3666666667E+000 1.5527153998E+002
1.3833333333E+000 1.5466728189E+002
1.4000000000E+000 1.5406598841E+002
1.4166666667E+000 1.5346780496E+002
1.4333333333E+000 1.5287286853E+002
1.4500000000E+000 1.5228130818E+002
1.4666666667E+000 1.5169324537E+002
1.4833333333E+000 1.5110879440E+002
1.5000000000E+000 1.5052806271E+002
1.5166666667E+000 1.4995115125E+002
1.5333333333E+000 1.4937815480E+002
1.5500000000E+000 1.4880916225E+002
1.5666666667E+000 1.4824425690E+002
1.5833333333E+000 1.4768351670E+002
1.6000000000E+000 1.4712701456E+002
1.6166666667E+000 1.4657481852E+002
1.6333333333E+000 1.4602699203E+002
1.6500000000E+000 1.4548359412E+002
1.6666666667E+000 1.4494467965E+002
1.6833333333E+000 1.4441029946E+002
1.7000000000E+000 1.4388050057E+002
1.7166666667E+000 1.4335532637E+002
1.7333333333E+000 1.4283481672E+002
1.7500000000E+000 1.4231900819E+002
1.7666666667E+000 1.4180793414E+002
1.7833333333E+000 1.4130162487E+002
1.8000000000E+000 1.4080010780E+002
1.8166666667E+000 1.4030340752E+002
1.8333333333E+000 1.3981154598E+002
1.8500000000E+000 1.3932454253E+002
1.8666666667E+000 1.3884241412E+002
1.8833333333E+000 1.3836517530E+002
1.9000000000E+000 1.3789283840E+002
1.9166666667E+000 1.3742541358E+002
1.9333333333E+000 1.3696290892E+002
1.9500000000E+000 1.3650533052E+002
1.9666666667E+000 1.3605268257E+002
1.9833333333E+000 1.3560496744E+002
2.0000000000E+000 1.3516218572E+002
2.0166666667E+000 1.3472433635E+002
2.0333333333E+000 1.3429141661E+002
2.0500000000E+000 1.3386342225E+002
2.0666666667E+000 1.3344034751E+002
2.0833333333E+000 1.3302218522E+002
2.1000000000E+000 1.3260892680E+002
2.1166666667E+000 1.3220056237E+002
2.1333333333E+000 1.3179708076E+002
2.1500000000E+000 1.3139846960E+002
2.1666666667E+000 1.3100471532E+002
2.1833333333E+000 1.3061580323E+002
2.2000000000E+000 1.3023171757E+002
2.2166666667E+000 1.2985244153E+002
2.2333333333E+000 1.2947795730E+002
2.2500000000E+000 1.2910824612E+002
2.2666666667E+000 1.2874328829E+002
2.2833333333E+000 1.2838306325E+002
2.3000000000E+000 1.2802754957E+002
2.3166666667E+000 1.2767672503E+002
2.3333333333E+000 1.2733056662E+002
2.3500000000E+000 1.2698905058E+002
2.3666666667E+000 1.2665215244E+002
2.3833333333E+000 1.2631984705E+002
2.4000000000E+000 1.2599210859E+002
2.4166666667E+000 1.2566891064E+002
2.4333333333E+000 1.2535022615E+002
2.4500000000E+000 1.2503602753E+002
2.4666666667E+000 1.2472628662E+002
2.4833333333E+000 1.2442097475E+002
2.5000000000E+000 1.2412006276E+002
2.5166666667E+000 1.2382352101E+002
2.5333333333E+000 1.2353131942E+002
2.5500000000E+000 1.2324342748E+002
2.5666666667E+000 1.2295981429E+002
2.5833333333E+000 1.2268044854E+002
2.6000000000E+000 1.2240529860E+002
2.6166666667E+000 1.2213433246E+002
2.6333333333E+000 1.2186751782E+002
2.6500000000E+000 1.2160482207E+002
2.6666666667E+000 1.2134621231E+002
2.6833333333E+000 1.2109165538E+002
2.7000000000E+000 1.2084111788E+002
2.7166666667E+000 1.2059456618E+002
2.7333333333E+000 1.2035196643E+002
2.7500000000E+000 1.2011328460E+002
2.7666666667E+000 1.1987848647E+002
2.7833333333E+000 1.1964753766E+002
2.8000000000E+000 1.1942040363E+002
2.8166666667E+000 1.1919704973E+002
2.8333333333E+000 1.1897744118E+002
2.8500000000E+000 1.1876154308E+002
2.8666666667E+000 1.1854932046E+002
2.8833333333E+000 1.1834073826E+002
2.9000000000E+000 1.1813576135E+002
2.9166666667E+000 1.1793435458E+002
2.9333333333E+000 1.1773648272E+002
2.9500000000E+000 1.1754211052E+002
2.9666666667E+000 1.1735120273E+002
2.9833333333E+000 1.1716372409E+002
3.0000000000E+000 1.1697963933E+002
3.0166666667E+000 1.1679891322E+002
3.0333333333E+000 1.1662151052E+002
3.0500000000E+000 1.1644739607E+002
3.0666666667E+000 1.1627653472E+002
3.0833333333E+000 1.1610889140E+002
3.1000000000E+000 1.1594443109E+002
3.1166666667E+000 1.1578311886E+002
3.1333333333E+000 1.1562491984E+002
3.1500000000E+000 1.1546979927E+002
3.1666666667E+000 1.1531772247E+002
3.1833333333E+000 1.1516865489E+002
3.2000000000E+000 1.1502256207E+002
3.2166666667E+000 1.1487940969E+002
3.2333333333E+000 1.1473916354E+002
3.2500000000E+000 1.1460178957E+002
3.2666666667E+000 1.1446725386E+002
3.2833333333E+000 1.1433552262E+002
3.3000000000E+000 1.1420656224E+002
3.3166666667E+000 1.1408033926E+002
3.3333333333E+000 1.1395682039E+002
3.3500000000E+000 1.1383597250E+002
3.3666666667E+000 1.1371776266E+002
3.3833333333E+000 1.1360215808E+002
3.4000000000E+000 1.1348912621E+002
3.4166666667E+000 1.1337863465E+002
3.4333333333E+000 1.1327065121E+002
3.4500000000E+000 1.1316514390E+002
3.4666666667E+000 1.1306208094E+002
3.4833333333E+000 1.1296143074E+002
3.5000000000E+000 1.1286316194E+002
3.5166666667E+000 1.1276724338E+002
3.5333333333E+000 1.1267364413E+002
3.5500000000E+000 1.1258233348E+002
3.5666666667E+000 1.1249328094E+002
3.5833333333E+000 1.1240645624E+002
3.6000000000E+000 1.1232182936E+002
3.6166666667E+000 1.1223937049E+002
3.6333333333E+000 1.1215905007E+002
3.6500000000E+000 1.1208083878E+002
3.6666666667E+000 1.1200470752E+002
3.6833333333E+000 1.1193062746E+002
3.7000000000E+000 1.1185856997E+002
3.7166666667E+000 1.1178850671E+002
3.7333333333E+000 1.1172040955E+002
3.7500000000E+000 1.1165425064E+002
3.7666666667E+000 1.1159000236E+002
3.7833333333E+000 1.1152763732E+002
3.8000000000E+000 1.1146712843E+002
3.8166666667E+000 1.1140844881E+002
3.8333333333E+000 1.1135157185E+002
3.8500000000E+000 1.1129647118E+002
3.8666666667E+000 1.1124312071E+002
3.8833333333E+000 1.1119149457E+002
3.9000000000E+000 1.1114156718E+002
3.9166666667E+000 1.1109331318E+002
3.9333333333E+000 1.1104670750E+002
3.9500000000E+000 1.1100172529E+002
3.9666666667E+000 1.1095834198E+002
3.9833333333E+000 1.1091653324E+002
4.0000000000E+000 1.1087627501E+002
4.0166666667E+000 1.1083754347E+002
4.0333333333E+000 1.1080031507E+002
4.0500000000E+000 1.1076456649E+002
4.0666666667E+000 1.1073027469E+002
4.0833333333E+000 1.1069741687E+002
4.1000000000E+000 1.1066597047E+002
4.1166666667E+000 1.1063591320E+002
4.1333333333E+000 1.1060722302E+002
4.1500000000E+000 1.1057987813E+002
4.1666666667E+000 1.1055385698E+002
4.1833333333E+000 1.1052913827E+002
4.2000000000E+000 1.1050570095E+002
4.2166666667E+000 1.1048352421E+002
4.2333333333E+000 1.1046258749E+002
4.2500000000E+000 1.1044287048E+002
4.2666666667E+000 1.1042435309E+002
4.2833333333E+000 1.1040701550E+002
4.3000000000E+000 1.1039083810E+002
4.3166666667E+000 1.1037580155E+002
4.3333333333E+000 1.1036188671E+002
4.3500000000E+000 1.1034907471E+002
4.3666666667E+000 1.1033734691E+002
4.3833333333E+000 1.1032668487E+002
4.4000000000E+000 1.1031707042E+002
4.4166666667E+000 1.1030848561E+002
4.4333333333E+000 1.1030091270E+002
4.4500000000E+000 1.1029433419E+002
4.4666666667E+000 1.1028873281E+002
4.4833333333E+000 1.1028409151E+002
4.5000000000E+000 1.1028039345E+002
4.5166666667E+000 1.1027762202E+002
4.5333333333E+000 1.1027576084E+002
4.5500000000E+000 1.1027479372E+002
4.5666666667E+000 1.1027470470E+002
4.5833333333E+000 1.1027547803E+002
4.6000000000E+000 1.1027709818E+002
4.6166666667E+000 1.1027954982E+002
4.6333333333E+000 1.1028281782E+002
4.6500000000E+000 1.1028688727E+002
4.6666666667E+000 1.1029174346E+002
4.6833333333E+000 1.1029737188E+002
4.7000000000E+000 1.1030375822E+002
4.7166666667E+000 1.1031088836E+002
4.7333333333E+000 1.1031874840E+002
4.7500000000E+000 1.1032732461E+002
4.7666666667E+000 1.1033660347E+002
4.7833333333E+000 1.1034657163E+002
4.8000000000E+000 1.1035721595E+002
4.8166666667E+000 1.1036852346E+002
4.8333333333E+000 1.1038048140E+002
4.8500000000E+000 1.1039307716E+002
4.8666666667E+000 1.1040629833E+002
4.8833333333E+000 1.1042013269E+002
4.9000000000E+000 1.1043456817E+002
4.9166666667E+000 1.1044959289E+002
4.9333333333E+000 1.1046519516E+002
4.9500000000E+000 1.1048136343E+002
4.9666666667E+000 1.1049808633E+002
4.9833333333E+000 1.1051535268E+002
5.0000000000E+000 1.1053315144E+002
5.0166666667E+000 1.1055147175E+002
5.0333333333E+000 1.1057030289E+002
5.0500000000E+000 1.1058963433E+002
5.0666666667E+000 1.1060945569E+002
5.0833333333E+000 1.1062975673E+002
5.1000000000E+000 1.1065052738E+002
5.1166666667E+000 1.1067175771E+002
5.1333333333E+000 1.1069343798E+002
5.1500000000E+000 1.1071555854E+002
5.1666666667E+000 1.1073810994E+002
5.1833333333E+000 1.1076108284E+002
5.2000000000E+000 1.1078446807E+002
5.2166666667E+000 1.1080825658E+002
5.2333333333E+000 1.1083243948E+002
5.2500000000E+000 1.1085700802E+002
5.2666666667E+000 1.1088195356E+002
5.2833333333E+000 1.1090726762E+002
5.3000000000E+000 1.1093294185E+002
5.3166666667E+000 1.1095896803E+002
5.3333333333E+000 1.1098533807E+002
5.3500000000E+000 1.1101204400E+002
5.3666666667E+000 1.1103907800E+002
5.3833333333E+000 1.1106643235E+002
5.4000000000E+000 1.1109409946E+002
5.4166666667E+000 1.1112207189E+002
5.4333333333E+000 1.1115034227E+002
5.4500000000E+000 1.1117890340E+002
5.4666666667E+000 1.1120774816E+002
5.4833333333E+000 1.1123686956E+002
5.5000000000E+000 1.1126626073E+002
5.5166666667E+000 1.1129591490E+002
5.5333333333E+000 1.1132582543E+002
5.5500000000E+000 1.1135598576E+002
5.5666666667E+000 1.1138638947E+002
5.5833333333E+000 1.1141703023E+002
5.6000000000E+000 1.1144790181E+002
5.6166666667E+000 1.1147899810E+002
5.6333333333E+000 1.1151031308E+002
5.6500000000E+000 1.1154184084E+002
5.6666666667E+000 1.1157357556E+002
5.6833333333E+000 1.1160551153E+002
5.7000000000E+000 1.1163764312E+002
5.7166666667E+000 1.1166996480E+002
5.7333333333E+000 1.1170247115E+002
5.7500000000E+000 1.1173515684E+002
5.7666666667E+000 1.1176801660E+002
5.7833333333E+000 1.1180104529E+002
5.8000000000E+000 1.1183423783E+002
5.8166666667E+000 1.1186758926E+002
5.8333333333E+000 1.1190109466E+002
5.8500000000E+000 1.1193474923E+002
5.8666666667E+000 1.1196854826E+002
5.8833333333E+000 1.1200248708E+002
5.9000000000E+000 1.1203656115E+002
5.9166666667E+000 1.1207076598E+002
5.9333333333E+000 1.1210509716E+002
5.9500000000E+000 1.1213955038E+002
5.9666666667E+000 1.1217412139E+002
5.9833333333E+000 1.1220880600E+002
6.0000000000E+000 1.1224360013E+002
6.0166666667E+000 1.1227849974E+002
6.0333333333E+000 1.1231350090E+002
6.0500000000E+000 1.1234859970E+002
6.0666666667E+000 1.1238379235E+002
6.0833333333E+000 1.1241907509E+002
6.1000000000E+000 1.1245444426E+002
6.1166666667E+000 1.1248989624E+002
6.1333333333E+000 1.1252542749E+002
6.1500000000E+000 1.1256103454E+002
6.1666666667E+000 1.1259671397E+002
6.1833333333E+000 1.1263246243E+002
6.2000000000E+000 1.1266827663E+002
6.2166666667E+000 1.1270415335E+002
6.2333333333E+000 1.1274008941E+002
6.2500000000E+000 1.1277608171E+002
6.2666666667E+000 1.1281212719E+002
6.2833333333E+000 1.1284822287E+002
6.3000000000E+000 1.1288436580E+002
6.3166666667E+000 1.1292055311E+002
6.3333333333E+000 1.1295678196E+002
6.3500000000E+000 1.1299304959E+002
6.3666666667E+000 1.1302935326E+002
6.3833333333E+000 1.1306569032E+002
6.4000000000E+000 1.1310205815E+002
6.4166666667E+000 1.1313845418E+002
6.4333333333E+000 1.1317487589E+002
6.4500000000E+000 1.1321132082E+002
6.4666666667E+000 1.1324778654E+002
6.4833333333E+000 1.1328427068E+002
6.5000000000E+000 1.1332077092E+002
6.5166666667E+000 1.1335728497E+002
6.5333333333E+000 1.1339381060E+002
6.5500000000E+000 1.1343034562E+002
6.5666666667E+000 1.1346688788E+002
6.5833333333E+000 1.1350343527E+002
6.6000000000E+000 1.1353998573E+002
6.6166666667E+000 1.1357653725E+002
6.6333333333E+000 1.1361308783E+002
6.6500000000E+000 1.1364963555E+002
6.6666666667E+000 1.1368617849E+002
6.6833333333E+000 1.1372271480E+002
6.7000000000E+000 1.1375924265E+002
6.7166666667E+000 1.1379576026E+002
6.7333333333E+000 1.1383226588E+002
6.7500000000E+000 1.1386875780E+002
6.7666666667E+000 1.1390523433E+002
6.7833333333E+000 1.1394169384E+002
6.8000000000E+000 1.1397813472E+002
6.8166666667E+000 1.1401455539E+002
6.8333333333E+000 1.1405095432E+002
6.8500000000E+000 1.1408732999E+002
6.8666666667E+000 1.1412368094E+002
6.8833333333E+000 1.1416000572E+002
6.9000000000E+000 1.1419630292E+002
6.9166666667E+000 1.1423257115E+002
6.9333333333E+000 1.1426880907E+002
6.9500000000E+000 1.1430501536E+002
6.9666666667E+000 1.1434118872E+002
6.9833333333E+000 1.1437732789E+002
7.0000000000E+000 1.1441343163E+002
7.0166666667E+000 1.1444949874E+002
7.0333333333E+000 1.1448552803E+002
7.0500000000E+000 1.1452151836E+002
7.0666666667E+000 1.1455746859E+002
7.0833333333E+000 1.1459337762E+002
7.1000000000E+000 1.1462924439E+002
7.1166666667E+000 1.1466506782E+002
7.1333333333E+000 1.1470084691E+002
7.1500000000E+000 1.1473658065E+002
7.1666666667E+000 1.1477226805E+002
7.1833333333E+000 1.1480790817E+002
7.2000000000E+000 1.1484350006E+002
7.2166666667E+000 1.1487904283E+002
7.2333333333E+000 1.1491453558E+002
7.2500000000E+000 1.1494997744E+002
7.2666666667E+000 1.1498536757E+002
7.2833333333E+000 1.1502070515E+002
7.3000000000E+000 1.1505598937E+002
7.3166666667E+000 1.1509121945E+002
7.3333333333E+000 1.1512639463E+002
7.3500000000E+000 1.1516151415E+002
7.3666666667E+000 1.1519657730E+002
7.3833333333E+000 1.1523158337E+002
7.4000000000E+000 1.1526653168E+002
7.4166666667E+000 1.1530142154E+002
7.4333333333E+000 1.1533625231E+002
7.4500000000E+000 1.1537102337E+002
7.4666666667E+000 1.1540573407E+002
7.4833333333E+000 1.1544038384E+002
7.5000000000E+000 1.1547497208E+002
7.5166666667E+000 1.1550949823E+002
7.5333333333E+000 1.1554396174E+002
7.5500000000E+000 1.1557836206E+002
7.5666666667E+000 1.1561269869E+002
7.5833333333E+000 1.1564697111E+002
7.6000000000E+000 1.1568117883E+002
7.6166666667E+000 1.1571532137E+002
7.6333333333E+000 1.1574939829E+002
7.6500000000E+000 1.1578340912E+002
7.6666666667E+000 1.1581735343E+002
7.6833333333E+000 1.1585123081E+002
7.7000000000E+000 1.1588504084E+002
7.7166666667E+000 1.1591878313E+002
7.7333333333E+000 1.1595245731E+002
7.7500000000E+000 1.1598606299E+002
7.7666666667E+000 1.1601959983E+002
7.7833333333E+000 1.1605306748E+002
7.8000000000E+000 1.1608646561E+002
7.8166666667E+000 1.1611979389E+002
7.8333333333E+000 1.1615305202E+002
7.8500000000E+000 1.1618623969E+002
7.8666666667E+000 1.1621935663E+002
7.8833333333E+000 1.1625240255E+002
7.9000000000E+000 1.1628537719E+002
7.9166666667E+000 1.1631828028E+002
7.9333333333E+000 1.1635111160E+002
7.9500000000E+000 1.1638387089E+002
7.9666666667E+000 1.1641655793E+002
7.9833333333E+000 1.1644917251E+002
8.0000000000E+000 1.1648171442E+002
8.0166666667E+000 1.1651418346E+002
8.0333333333E+000 1.1654657945E+002
8.0500000000E+000 1.1657890219E+002
8.0666666667E+000 1.1661115153E+002
8.0833333333E+000 1.1664332729E+002
8.1000000000E+000 1.1667542933E+002
8.1166666667E+000 1.1670745749E+002
8.1333333333E+000 1.1673941164E+002
8.1500000000E+000 1.1677129165E+002
8.1666666667E+000 1.1680309740E+002
8.1833333333E+000 1.1683482876E+002
8.2000000000E+000 1.1686648563E+002
8.2166666667E+000 1.1689806792E+002
8.2333333333E+000 1.1692957552E+002
8.2500000000E+000 1.1696100835E+002
8.2666666667E+000 1.1699236633E+002
8.2833333333E+000 1.1702364939E+002
8.3000000000E+000 1.1705485746E+002
8.3166666667E+000 1.1708599048E+002
8.3333333333E+000 1.1711704839E+002
8.3500000000E+000 1.1714803115E+002
8.3666666667E+000 1.1717893872E+002
8.3833333333E+000 1.1720977106E+002
8.4000000000E+000 1.1724052813E+002
8.4166666667E+000 1.1727120992E+002
8.4333333333E+000 1.1730181641E+002
8.4500000000E+000 1.1733234757E+002
8.4666666667E+000 1.1736280341E+002
8.4833333333E+000 1.1739318392E+002
8.5000000000E+000 1.1742348910E+002
8.5166666667E+000 1.1745371896E+002
8.5333333333E+000 1.1748387350E+002
8.5500000000E+000 1.1751395276E+002
8.5666666667E+000 1.1754395674E+002
8.5833333333E+000 1.1757388547E+002
8.6000000000E+000 1.1760373898E+002
8.6166666667E+000 1.1763351731E+002
8.6333333333E+000 1.1766322049E+002
8.6500000000E+000 1.1769284857E+002
8.6666666667E+000 1.1772240159E+002
8.6833333333E+000 1.1775187961E+002
8.7000000000E+000 1.1778128268E+002
8.7166666667E+000 1.1781061085E+002
8.7333333333E+000 1.1783986419E+002
8.7500000000E+000 1.1786904276E+002
8.7666666667E+000 1.1789814664E+002
8.7833333333E+000 1.1792717590E+002
8.8000000000E+000 1.1795613060E+002
8.8166666667E+000 1.1798501084E+002
8.8333333333E+000 1.1801381669E+002
8.8500000000E+000 1.1804254824E+002
8.8666666667E+000 1.1807120558E+002
8.8833333333E+000 1.1809978879E+002
8.9000000000E+000 1.1812829798E+002
8.9166666667E+000 1.1815673324E+002
8.9333333333E+000 1.1818509467E+002
8.9500000000E+000 1.1821338237E+002
8.9666666667E+000 1.1824159646E+002
8.9833333333E+000 1.1826973703E+002
9.0000000000E+000 1.1829780420E+002
9.0166666667E+000 1.1832579807E+002
9.0333333333E+000 1.1835371878E+002
9.0500000000E+000 1.1838156643E+002
9.0666666667E+000 1.1840934114E+002
9.0833333333E+000 1.1843704304E+002
9.1000000000E+000 1.1846467225E+002
9.1166666667E+000 1.1849222890E+002
9.1333333333E+000 1.1851971311E+002
9.1500000000E+000 1.1854712501E+002
9.1666666667E+000 1.1857446475E+002
9.1833333333E+000 1.1860173244E+002
9.2000000000E+000 1.1862892824E+002
9.2166666667E+000 1.1865605227E+002
9.2333333333E+000 1.1868310468E+002
9.2500000000E+000 1.1871008560E+002
9.2666666667E+000 1.1873699519E+002
9.2833333333E+000 1.1876383357E+002
9.3000000000E+000 1.1879060091E+002
9.3166666667E+000 1.1881729735E+002
9.3333333333E+000 1.1884392303E+002
9.3500000000E+000 1.1887047811E+002
9.3666666667E+000 1.1889696274E+002
9.3833333333E+000 1.1892337707E+002
9.4000000000E+000 1.1894972125E+002
9.4166666667E+000 1.1897599545E+002
9.4333333333E+000 1.1900219981E+002
9.4500000000E+000 1.1902833450E+002
9.4666666667E+000 1.1905439968E+002
9.4833333333E+000 1.1908039550E+002
9.5000000000E+000 1.1910632213E+002
9.5166666667E+000 1.1913217972E+002
9.5333333333E+000 1.1915796845E+002
9.5500000000E+000 1.1918368847E+002
9.5666666667E+000 1.1920933995E+002
9.5833333333E+000 1.1923492306E+002
9.6000000000E+000 1.1926043796E+002
9.6166666667E+000 1.1928588482E+002
9.6333333333E+000 1.1931126381E+002
9.6500000000E+000 1.1933657509E+002
9.6666666667E+000 1.1936181885E+002
9.6833333333E+000 1.1938699524E+002
9.7000000000E+000 1.1941210444E+002
9.7166666667E+000 1.1943714662E+002
9.7333333333E+000 1.1946212195E+002
9.7500000000E+000 1.1948703061E+002
9.7666666667E+000 1.1951187277E+002
9.7833333333E+000 1.1953664860E+002
9.8000000000E+000 1.1956135828E+002
9.8166666667E+000 1.1958600198E+002
9.8333333333E+000 1.1961057988E+002
9.8500000000E+000 1.1963509215E+002
9.8666666667E+000 1.1965953898E+002
9.8833333333E+000 1.1968392053E+002
9.9000000000E+000 1.1970823698E+002
9.9166666667E+000 1.1973248852E+002
9.9333333333E+000 1.1975667531E+002
9.9500000000E+000 1.1978079754E+002
9.9666666667E+000 1.1980485539E+002
9.9833333333E+000 1.1982884903E+002
1.0000000000E+001 1.1985277864E+002
1.0016666667E+001 1.1987664440E+002
1.0033333333E+001 1.1990044649E+002
1.0050000000E+001 1.1992418509E+002
1.0066666667E+001 1.1994786038E+002
1.0083333333E+001 1.1997147254E+002
1.0100000000E+001 1.1999502175E+002
1.0116666667E+001 1.2001850818E+002
1.0133333333E+001 1.2004193203E+002
1.0150000000E+001 1.2006529346E+002
1.0166666667E+001 1.2008859266E+002
1.0183333333E+001 1.2011182981E+002
1.0200000000E+001 1.2013500508E+002
1.0216666667E+001 1.2015811867E+002
1.0233333333E+001 1.2018117074E+002
1.0250000000E+001 1.2020416148E+002
1.0266666667E+001 1.2022709107E+002
1.0283333333E+001 1.2024995969E+002
1.0300000000E+001 1.2027276752E+002
1.0316666667E+001 1.2029551474E+002
1.0333333333E+001 1.2031820153E+002
1.0350000000E+001 1.2034082806E+002
1.0366666667E+001 1.2036339453E+002
1.0383333333E+001 1.2038590110E+002
1.0400000000E+001 1.2040834796E+002
1.0416666667E+001 1.2043073529E+002
1.0433333333E+001 1.2045306326E+002
1.0450000000E+001 1.2047533205E+002
1.0466666667E+001 1.2049754185E+002
1.0483333333E+001 1.2051969284E+002
1.0500000000E+001 1.2054178518E+002
1.0516666667E+001 1.2056381906E+002
1.0533333333E+001 1.2058579466E+002
1.0550000000E+001 1.2060771215E+002
1.0566666667E+001 1.2062957172E+002
1.0583333333E+001 1.2065137353E+002
1.0600000000E+001 1.2067311777E+002
1.0616666667E+001 1.2069480462E+002
1.0633333333E+001 1.2071643424E+002
1.0650000000E+001 1.2073800682E+002
1.0666666667E+001 1.2075952254E+002
1.0683333333E+001 1.2078098156E+002
1.0700000000E+001 1.2080238407E+002
1.0716666667E+001 1.2082373023E+002
1.0733333333E+001 1.2084502023E+002
1.0750000000E+001 1.2086625423E+002
1.0766666667E+001 1.2088743242E+002
1.0783333333E+001 1.2090855496E+002
1.0800000000E+001 1.2092962204E+002
1.0816666667E+001 1.2095063382E+002
1.0833333333E+001 1.2097159047E+002
1.0850000000E+001 1.2099249217E+002
1.0866666667E+001 1.2101333909E+002
1.0883333333E+001 1.2103413140E+002
1.0900000000E+001 1.2105486928E+002
1.0916666667E+001 1.2107555289E+002
1.0933333333E+001 1.2109618241E+002
1.0950000000E+001 1.2111675800E+002
1.0966666667E+001 1.2113727983E+002
1.0983333333E+001 1.2115774809E+002
1.1000000000E+001 1.2117816292E+002
1.1016666667E+001 1.2119852451E+002
1.1033333333E+001 1.2121883302E+002
1.1050000000E+001 1.2123908862E+002
1.1066666667E+001 1.2125929148E+002
1.1083333333E+001 1.2127944175E+002
1.1100000000E+001 1.2129953962E+002
1.1116666667E+001 1.2131958525E+002
1.1133333333E+001 1.2133957880E+002
1.1150000000E+001 1.2135952043E+002
1.1166666667E+001 1.2137941032E+002
1.1183333333E+001 1.2139924862E+002
1.1200000000E+001 1.2141903550E+002
1.1216666667E+001 1.2143877113E+002
1.1233333333E+001 1.2145845567E+002
1.1250000000E+001 1.2147808928E+002
1.1266666667E+001 1.2149767212E+002
1.1283333333E+001 1.2151720435E+002
1.1300000000E+001 1.2153668614E+002
1.1316666667E+001 1.2155611765E+002
1.1333333333E+001 1.2157549903E+002
1.1350000000E+001 1.2159483045E+002
1.1366666667E+001 1.2161411207E+002
1.1383333333E+001 1.2163334405E+002
1.1400000000E+001 1.2165252653E+002
1.1416666667E+001 1.2167165969E+002
1.1433333333E+001 1.2169074368E+002
1.1450000000E+001 1.2170977866E+002
1.1466666667E+001 1.2172876478E+002
1.1483333333E+001 1.2174770221E+002
1.1500000000E+001 1.2176659108E+002
1.1516666667E+001 1.2178543157E+002
1.1533333333E+001 1.2180422383E+002
1.1550000000E+001 1.2182296800E+002
1.1566666667E+001 1.2184166425E+002
1.1583333333E+001 1.2186031273E+002
1.1600000000E+001 1.2187891359E+002
1.1616666667E+001 1.2189746698E+002
1.1633333333E+001 1.2191597305E+002
1.1650000000E+001 1.2193443196E+002
1.1666666667E+001 1.2195284386E+002
1.1683333333E+001 1.2197120890E+002
1.1700000000E+001 1.2198952722E+002
1.1716666667E+001 1.2200779898E+002
1.1733333333E+001 1.2202602433E+002
1.1750000000E+001 1.2204420341E+002
1.1766666667E+001 1.2206233637E+002
1.1783333333E+001 1.2208042337E+002
1.1800000000E+001 1.2209846454E+002
1.1816666667E+001 1.2211646003E+002
1.1833333333E+001 1.2213441000E+002
1.1850000000E+001 1.2215231457E+002
1.1866666667E+001 1.2217017391E+002
1.1883333333E+001 1.2218798816E+002
1.1900000000E+001 1.2220575745E+002
1.1916666667E+001 1.2222348194E+002
1.1933333333E+001 1.2224116176E+002
1.1950000000E+001 1.2225879706E+002
1.1966666667E+001 1.2227638798E+002
1.1983333333E+001 1.2229393466E+002
1.2000000000E+001 1.2231143725E+002
1.2016666667E+001 1.2232889588E+002
1.2033333333E+001 1.2234631070E+002
1.2050000000E+001 1.2236368184E+002
1.2066666667E+001 1.2238100944E+002
1.2083333333E+001 1.2239829364E+002
1.2100000000E+001 1.2241553459E+002
1.2116666667E+001 1.2243273241E+002
1.2133333333E+001 1.2244988725E+002
1.2150000000E+001 1.2246699924E+002
1.2166666667E+001 1.2248406852E+002
1.2183333333E+001 1.2250109522E+002
1.2200000000E+001 1.2251807948E+002
1.2216666667E+001 1.2253502144E+002
1.2233333333E+001 1.2255192123E+002
1.2250000000E+001 1.2256877898E+002
1.2266666667E+001 1.2258559482E+002
1.2283333333E+001 1.2260236890E+002
1.2300000000E+001 1.2261910134E+002
1.2316666667E+001 1.2263579227E+002
1.2333333333E+001 1.2265244182E+002
1.2350000000E+001 1.2266905014E+002
1.2366666667E+001 1.2268561733E+002
1.2383333333E+001 1.2270214355E+002
1.2400000000E+001 1.2271862892E+002
1.2416666667E+001 1.2273507356E+002
1.2433333333E+001 1.2275147760E+002
1.2450000000E+001 1.2276784118E+002
1.2466666667E+001 1.2278416441E+002
1.2483333333E+001 1.2280044744E+002
1.2500000000E+001 1.2281669038E+002
1.2516666667E+001 1.2283289336E+002
1.2533333333E+001 1.2284905651E+002
1.2550000000E+001 1.2286517996E+002
1.2566666667E+001 1.2288126382E+002
1.2583333333E+001 1.2289730822E+002
1.2600000000E+001 1.2291331329E+002
1.2616666667E+001 1.2292927914E+002
1.2633333333E+001 1.2294520592E+002
1.2650000000E+001 1.2296109372E+002
1.2666666667E+001 1.2297694269E+002
1.2683333333E+001 1.2299275293E+002
1.2700000000E+001 1.2300852458E+002
1.2716666667E+001 1.2302425775E+002
1.2733333333E+001 1.2303995256E+002
1.2750000000E+001 1.2305560913E+002
1.2766666667E+001 1.2307122758E+002
1.2783333333E+001 1.2308680804E+002
1.2800000000E+001 1.2310235062E+002
1.2816666667E+001 1.2311785543E+002
1.2833333333E+001 1.2313332260E+002
1.2850000000E+001 1.2314875225E+002
1.2866666667E+001 1.2316414448E+002
1.2883333333E+001 1.2317949942E+002
1.2900000000E+001 1.2319481719E+002
1.2916666667E+001 1.2321009789E+002
1.2933333333E+001 1.2322534164E+002
1.2950000000E+001 1.2324054857E+002
1.2966666667E+001 1.2325571877E+002
1.2983333333E+001 1.2327085238E+002
1.3000000000E+001 1.2328594949E+002
1.3016666667E+001 1.2330101023E+002
1.3033333333E+001 1.2331603470E+002
1.3050000000E+001 1.2333102302E+002
1.3066666667E+001 1.2334597530E+002
1.3083333333E+001 1.2336089165E+002
1.3100000000E+001 1.2337577218E+002
1.3116666667E+001 1.2339061701E+002
1.3133333333E+001 1.2340542623E+002
1.3150000000E+001 1.2342019997E+002
1.3166666667E+001 1.2343493833E+002
1.3183333333E+001 1.2344964143E+002
1.3200000000E+001 1.2346430936E+002
1.3216666667E+001 1.2347894223E+002
1.3233333333E+001 1.2349354016E+002
1.3250000000E+001 1.2350810326E+002
1.3266666667E+001 1.2352263162E+002
1.3283333333E+001 1.2353712536E+002
1.3300000000E+001 1.2355158458E+002
1.3316666667E+001 1.2356600938E+002
1.3333333333E+001 1.2358039988E+002
1.3350000000E+001 1.2359475617E+002
1.3366666667E+001 1.2360907837E+002
1.3383333333E+001 1.2362336657E+002
1.3400000000E+001 1.2363762088E+002
1.3416666667E+001 1.2365184140E+002
1.3433333333E+001 1.2366602824E+002
1.3450000000E+001 1.2368018149E+002
1.3466666667E+001 1.2369430126E+002
1.3483333333E+001 1.2370838766E+002
1.3500000000E+001 1.2372244078E+002
1.3516666667E+001 1.2373646072E+002
1.3533333333E+001 1.2375044759E+002
1.3550000000E+001 1.2376440148E+002
1.3566666667E+001 1.2377832249E+002
1.3583333333E+001 1.2379221073E+002
1.3600000000E+001 1.2380606629E+002
1.3616666667E+001 1.2381988927E+002
1.3633333333E+001 1.2383367977E+002
1.3650000000E+001 1.2384743789E+002
1.3666666667E+001 1.2386116373E+002
1.3683333333E+001 1.2387485738E+002
1.3700000000E+001 1.2388851894E+002
1.3716666667E+001 1.2390214850E+002
1.3733333333E+001 1.2391574616E+002
1.3750000000E+001 1.2392931203E+002
1.3766666667E+001 1.2394284618E+002
1.3783333333E+001 1.2395634873E+002
1.3800000000E+001 1.2396981975E+002
1.3816666667E+001 1.2398325936E+002
1.3833333333E+001 1.2399666763E+002
1.3850000000E+001 1.2401004467E+002
1.3866666667E+001 1.2402339057E+002
1.3883333333E+001 1.2403670542E+002
1.3900000000E+001 1.2404998931E+002
1.3916666667E+001 1.2406324234E+002
1.3933333333E+001 1.2407646460E+002
1.3950000000E+001 1.2408965617E+002
1.3966666667E+001 1.2410281716E+002
1.3983333333E+001 1.2411594765E+002
1.4000000000E+001 1.2412904773E+002
1.4016666667E+001 1.2414211749E+002
1.4033333333E+001 1.2415515702E+002
1.4050000000E+001 1.2416816641E+002
1.4066666667E+001 1.2418114576E+002
1.4083333333E+001 1.2419409514E+002
1.4100000000E+001 1.2420701465E+002
1.4116666667E+001 1.2421990438E+002
1.4133333333E+001 1.2423276441E+002
1.4150000000E+001 1.2424559483E+002
1.4166666667E+001 1.2425839573E+002
1.4183333333E+001 1.2427116719E+002
1.4200000000E+001 1.2428390931E+002
1.4216666667E+001 1.2429662216E+002
1.4233333333E+001 1.2430930584E+002
1.4250000000E+001 1.2432196043E+002
1.4266666667E+001 1.2433458601E+002
1.4283333333E+001 1.2434718268E+002
1.4300000000E+001 1.2435975050E+002
1.4316666667E+001 1.2437228958E+002
1.4333333333E+001 1.2438479999E+002
1.4350000000E+001 1.2439728181E+002
1.4366666667E+001 1.2440973513E+002
1.4383333333E+001 1.2442216004E+002
1.4400000000E+001 1.2443455661E+002
1.4416666667E+001 1.2444692493E+002
1.4433333333E+001 1.2445926508E+002
1.4450000000E+001 1.2447157714E+002
1.4466666667E+001 1.2448386120E+002
1.4483333333E+001 1.2449611733E+002
1.4500000000E+001 1.2450834561E+002
1.4516666667E+001 1.2452054613E+002
1.4533333333E+001 1.2453271897E+002
1.4550000000E+001 1.2454486420E+002
1.4566666667E+001 1.2455698191E+002
1.4583333333E+001 1.2456907218E+002
1.4600000000E+001 1.2458113508E+002
1.4616666667E+001 1.2459317069E+002
1.4633333333E+001 1.2460517910E+002
1.4650000000E+001 1.2461716038E+002
1.4666666667E+001 1.2462911460E+002
1.4683333333E+001 1.2464104186E+002
1.4700000000E+001 1.2465294221E+002
1.4716666667E+001 1.2466481575E+002
1.4733333333E+001 1.2467666254E+002
1.4750000000E+001 1.2468848267E+002
1.4766666667E+001 1.2470027621E+002
1.4783333333E+001 1.2471204324E+002
1.4800000000E+001 1.2472378383E+002
1.4816666667E+001 1.2473549806E+002
1.4833333333E+001 1.2474718600E+002
1.4850000000E+001 1.2475884772E+002
1.4866666667E+001 1.2477048331E+002
1.4883333333E+001 1.2478209284E+002
1.4900000000E+001 1.2479367638E+002
1.4916666667E+001 1.2480523400E+002
1.4933333333E+001 1.2481676578E+002
1.4950000000E+001 1.2482827180E+002
1.4966666667E+001 1.2483975212E+002
1.4983333333E+001 1.2485120681E+002
1.5000000000E+001 1.2486263596E+002
1.5016666667E+001 1.2487403963E+002
1.5033333333E+001 1.2488541789E+002
1.5050000000E+001 1.2489677082E+002
1.5066666667E+001 1.2490809849E+002
1.5083333333E+001 1.2491940096E+002
1.5100000000E+001 1.2493067832E+002
1.5116666667E+001 1.2494193062E+002
1.5133333333E+001 1.2495315795E+002
1.5150000000E+001 1.2496436036E+002
1.5166666667E+001 1.2497553794E+002
1.5183333333E+001 1.2498669075E+002
1.5200000000E+001 1.2499781886E+002
1.5216666667E+001 1.2500892234E+002
1.5233333333E+001 1.2502000125E+002
1.5250000000E+001 1.2503105567E+002
1.5266666667E+001 1.2504208567E+002
1.5283333333E+001 1.2505309131E+002
1.5300000000E+001 1.2506407266E+002
1.5316666667E+001 1.2507502979E+002
1.5333333333E+001 1.2508596277E+002
1.5350000000E+001 1.2509687166E+002
1.5366666667E+001 1.2510775653E+002
1.5383333333E+001 1.2511861745E+002
1.5400000000E+001 1.2512945449E+002
1.5416666667E+001 1.2514026770E+002
1.5433333333E+001 1.2515105716E+002
1.5450000000E+001 1.2516182293E+002
1.5466666667E+001 1.2517256508E+002
1.5483333333E+001 1.2518328367E+002
1.5500000000E+001 1.2519397877E+002
1.5516666667E+001 1.2520465044E+002
1.5533333333E+001 1.2521529875E+002
1.5550000000E+001 1.2522592376E+002
1.5566666667E+001 1.2523652554E+002
1.5583333333E+001 1.2524710415E+002
1.5600000000E+001 1.2525765965E+002
1.5616666667E+001 1.2526819211E+002
1.5633333333E+001 1.2527870158E+002
1.5650000000E+001 1.2528918815E+002
1.5666666667E+001 1.2529965186E+002
1.5683333333E+001 1.2531009277E+002
1.5700000000E+001 1.2532051096E+002
1.5716666667E+001 1.2533090648E+002
1.5733333333E+001 1.2534127940E+002
1.5750000000E+001 1.2535162978E+002
1.5766666667E+001 1.2536195767E+002
1.5783333333E+001 1.2537226314E+002
1.5800000000E+001 1.2538254626E+002
1.5816666667E+001 1.2539277641E+002
1.5833333333E+001 1.2540292792E+002
1.5850000000E+001 1.2541300258E+002
1.5866666667E+001 1.2542300196E+002
1.5883333333E+001 1.2543292759E+002
1.5900000000E+001 1.2544278096E+002
1.5916666667E+001 1.2545256354E+002
1.5933333333E+001 1.2546227673E+002
1.5950000000E+001 1.2547192193E+002
1.5966666667E+001 1.2548142119E+002
1.5983333333E+001 1.2549072364E+002
1.6000000000E+001 1.2549983381E+002
1.6016666667E+001 1.2550875572E+002
1.6033333333E+001 1.2551749330E+002
1.6050000000E+001 1.2552605038E+002
1.6066666667E+001 1.2553443073E+002
1.6083333333E+001 1.2554263802E+002
1.6100000000E+001 1.2555067587E+002
1.6116666667E+001 1.2555854781E+002
1.6133333333E+001 1.2556625728E+002
1.6150000000E+001 1.2557380769E+002
1.6166666667E+001 1.2558120234E+002
1.6183333333E+001 1.2558844448E+002
1.6200000000E+001 1.2559553728E+002
1.6216666667E+001 1.2560248387E+002
1.6233333333E+001 1.2560928729E+002
1.6250000000E+001 1.2561595051E+002
1.6266666667E+001 1.2562247647E+002
1.6283333333E+001 1.2562886803E+002
1.6300000000E+001 1.2563512797E+002
1.6316666667E+001 1.2564125906E+002
1.6333333333E+001 1.2564726397E+002
1.6350000000E+001 1.2565314534E+002
1.6366666667E+001 1.2565890574E+002
1.6383333333E+001 1.2566454768E+002
1.6400000000E+001 1.2567007365E+002
1.6416666667E+001 1.2567548605E+002
1.6433333333E+001 1.2568078725E+002
1.6450000000E+001 1.2568597958E+002
1.6466666667E+001 1.2569106530E+002
1.6483333333E+001 1.2569604663E+002
1.6500000000E+001 1.2570092575E+002
1.6516666667E+001 1.2570570478E+002
1.6533333333E+001 1.2571038583E+002
1.6550000000E+001 1.2571497092E+002
1.6566666667E+001 1.2571946206E+002
1.6583333333E+001 1.2572386120E+002
1.6600000000E+001 1.2572817027E+002
1.6616666667E+001 1.2573239114E+002
1.6633333333E+001 1.2573652566E+002
1.6650000000E+001 1.2574057561E+002
1.6666666667E+001 1.2574454276E+002
1.6683333333E+001 1.2574842884E+002
1.6700000000E+001 1.2575223554E+002
1.6716666667E+001 1.2575596452E+002
1.6733333333E+001 1.2575961738E+002
1.6750000000E+001 1.2576319573E+002
1.6766666667E+001 1.2576670111E+002
1.6783333333E+001 1.2577013504E+002
1.6800000000E+001 1.2577349901E+002
1.6816666667E+001 1.2577679449E+002
1.6833333333E+001 1.2578002289E+002
1.6850000000E+001 1.2578318563E+002
1.6866666667E+001 1.2578628406E+002
1.6883333333E+001 1.2578931952E+002
1.6900000000E+001 1.2579229333E+002
1.6916666667E+001 1.2579520678E+002
1.6933333333E+001 1.2579806112E+002
1.6950000000E+001 1.2580085758E+002
1.6966666667E+001 1.2580359737E+002
1.6983333333E+001 1.2580628167E+002
1.7000000000E+001 1.2580891164E+002
1.7016666667E+001 1.2581148841E+002
1.7033333333E+001 1.2581401309E+002
1.7050000000E+001 1.2581648677E+002
1.7066666667E+001 1.2581891050E+002
1.7083333333E+001 1.2582128533E+002
1.7100000000E+001 1.2582361228E+002
1.7116666667E+001 1.2582589234E+002
1.7133333333E+001 1.2582812650E+002
1.7150000000E+001 1.2583031570E+002
1.7166666667E+001 1.2583246089E+002
1.7183333333E+001 1.2583456299E+002
1.7200000000E+001 1.2583662289E+002
1.7216666667E+001 1.2583864146E+002
1.7233333333E+001 1.2584061958E+002
1.7250000000E+001 1.2584255808E+002
1.7266666667E+001 1.2584445780E+002
1.7283333333E+001 1.2584631953E+002
1.7300000000E+001 1.2584814407E+002
1.7316666667E+001 1.2584993220E+002
1.7333333333E+001 1.2585168467E+002
1.7350000000E+001 1.2585340223E+002
1.7366666667E+001 1.2585508560E+002
1.7383333333E+001 1.2585673549E+002
1.7400000000E+001 1.2585835261E+002
1.7416666667E+001 1.2585993764E+002
1.7433333333E+001 1.2586149124E+002
1.7450000000E+001 1.2586301407E+002
1.7466666667E+001 1.2586450678E+002
1.7483333333E+001 1.2586596998E+002
1.7500000000E+001 1.2586740429E+002
1.7516666667E+001 1.2586881031E+002
1.7533333333E+001 1.2587018864E+002
1.7550000000E+001 1.2587153986E+002
1.7566666667E+001 1.2587286451E+002
1.7583333333E+001 1.2587416317E+002
1.7600000000E+001 1.2587543636E+002
1.7616666667E+001 1.2587668462E+002
1.7633333333E+001 1.2587790847E+002
1.7650000000E+001 1.2587910842E+002
1.7666666667E+001 1.2588028497E+002
1.7683333333E+001 1.2588143860E+002
1.7700000000E+001 1.2588256978E+002
1.7716666667E+001 1.2588367900E+002
1.7733333333E+001 1.2588476669E+002
1.7750000000E+001 1.2588583332E+002
1.7766666667E+001 1.2588687932E+002
1.7783333333E+001 1.2588790512E+002
1.7800000000E+001 1.2588891114E+002
1.7816666667E+001 1.2588989779E+002
1.7833333333E+001 1.2589086548E+002
1.7850000000E+001 1.2589181460E+002
1.7866666667E+001 1.2589274553E+002
1.7883333333E+001 1.2589365866E+002
1.7900000000E+001 1.2589455435E+002
1.7916666667E+001 1.2589543297E+002
1.7933333333E+001 1.2589629488E+002
1.7950000000E+001 1.2589714041E+002
1.7966666667E+001 1.2589796992E+002
1.7983333333E+001 1.2589878373E+002
1.8000000000E+001 1.2589958217E+002
1.8016666667E+001 1.2590036556E+002
1.8033333333E+001 1.2590113422E+002
1.8050000000E+001 1.2590188844E+002
1.8066666667E+001 1.2590262854E+002
1.8083333333E+001 1.2590335480E+002
1.8100000000E+001 1.2590406751E+002
1.8116666667E+001 1.2590476695E+002
1.8133333333E+001 1.2590545341E+002
1.8150000000E+001 1.2590612714E+002
1.8166666667E+001 1.2590678841E+002
1.8183333333E+001 1.2590743749E+002
1.8200000000E+001 1.2590807462E+002
1.8216666667E+001 1.2590870006E+002
1.8233333333E+001 1.2590931404E+002
1.8250000000E+001 1.2590991681E+002
1.8266666667E+001 1.2591050860E+002
1.8283333333E+001 1.2591108963E+002
1.8300000000E+001 1.2591166013E+002
1.8316666667E+001 1.2591222031E+002
1.8333333333E+001 1.2591277040E+002
1.8350000000E+001 1.2591331060E+002
1.8366666667E+001 1.2591384112E+002
1.8383333333E+001 1.2591436215E+002
1.8400000000E+001 1.2591487390E+002
1.8416666667E+001 1.2591537656E+002
1.8433333333E+001 1.2591587031E+002
1.8450000000E+001 1.2591635534E+002
1.8466666667E+001 1.2591683183E+002
1.8483333333E+001 1.2591729997E+002
1.8500000000E+001 1.2591775991E+002
1.8516666667E+001 1.2591821184E+002
1.8533333333E+001 1.2591865591E+002
1.8550000000E+001 1.2591909230E+002
1.8566666667E+001 1.2591952115E+002
1.8583333333E+001 1.2591994263E+002
1.8600000000E+001 1.2592035689E+002
1.8616666667E+001 1.2592076407E+002
1.8633333333E+001 1.2592116433E+002
1.8650000000E+001 1.2592155781E+002
1.8666666667E+001 1.2592194464E+002
1.8683333333E+001 1.2592232497E+002
1.8700000000E+001 1.2592269893E+002
1.8716666667E+001 1.2592306666E+002
1.8733333333E+001 1.2592342827E+002
1.8750000000E+001 1.2592378390E+002
1.8766666667E+001 1.2592413367E+002
1.8783333333E+001 1.2592447770E+002
1.8800000000E+001 1.2592481612E+002
1.8816666667E+001 1.2592514903E+002
1.8833333333E+001 1.2592547655E+002
1.8850000000E+001 1.2592579879E+002
1.8866666667E+001 1.2592611587E+002
1.8883333333E+001 1.2592642788E+002
1.8900000000E+001 1.2592673493E+002
1.8916666667E+001 1.2592703713E+002
1.8933333333E+001 1.2592733457E+002
1.8950000000E+001 1.2592762736E+002
1.8966666667E+001 1.2592791558E+002
1.8983333333E+001 1.2592819934E+002
1.9000000000E+001 1.2592847872E+002
1.9016666667E+001 1.2592875382E+002
1.9033333333E+001 1.2592902472E+002
1.9050000000E+001 1.2592929151E+002
1.9066666667E+001 1.2592955428E+002
1.9083333333E+001 1.2592981310E+002
1.9100000000E+001 1.2593006806E+002
1.9116666667E+001 1.2593031924E+002
1.9133333333E+001 1.2593056671E+002
1.9150000000E+001 1.2593081055E+002
1.9166666667E+001 1.2593105084E+002
1.9183333333E+001 1.2593128765E+002
1.9200000000E+001 1.2593152106E+002
1.9216666667E+001 1.2593175112E+002
1.9233333333E+001 1.2593197791E+002
1.9250000000E+001 1.2593220149E+002
1.9266666667E+001 1.2593242194E+002
1.9283333333E+001 1.2593263932E+002
1.9300000000E+001 1.2593285368E+002
1.9316666667E+001 1.2593306509E+002
1.9333333333E+001 1.2593327361E+002
1.9350000000E+001 1.2593347930E+002
1.9366666667E+001 1.2593368221E+002
1.9383333333E+001 1.2593388241E+002
1.9400000000E+001 1.2593407994E+002
1.9416666667E+001 1.2593427487E+002
1.9433333333E+001 1.2593446725E+002
1.9450000000E+001 1.2593465712E+002
1.9466666667E+001 1.2593484455E+002
1.9483333333E+001 1.2593502958E+002
1.9500000000E+001 1.2593521226E+002
1.9516666667E+001 1.2593539264E+002
1.9533333333E+001 1.2593557077E+002
1.9550000000E+001 1.2593574668E+002
1.9566666667E+001 1.2593592044E+002
1.9583333333E+001 1.2593609207E+002
1.9600000000E+001 1.2593626163E+002
1.9616666667E+001 1.2593642915E+002
1.9633333333E+001 1.2593659468E+002
1.9650000000E+001 1.2593675825E+002
1.9666666667E+001 1.2593691992E+002
1.9683333333E+001 1.2593707970E+002
1.9700000000E+001 1.2593723766E+002
1.9716666667E+001 1.2593739381E+002
1.9733333333E+001 1.2593754820E+002
1.9750000000E+001 1.2593770086E+002
1.9766666667E+001 1.2593785183E+002
1.9783333333E+001 1.2593800114E+002
1.9800000000E+001 1.2593814883E+002
1.9816666667E+001 1.2593829492E+002
1.9833333333E+001 1.2593843946E+002
1.9850000000E+001 1.2593858246E+002
1.9866666667E+001 1.2593872397E+002
1.9883333333E+001 1.2593886400E+002
1.9900000000E+001 1.2593900260E+002
1.9916666667E+001 1.2593913978E+002
1.9933333333E+001 1.2593927558E+002
1.9950000000E+001 1.2593941003E+002
1.9966666667E+001 1.2593954315E+002
1.9983333333E+001 1.2593967497E+002
2.0000000000E+001 1.2593980551E+002
