date	SkinWetness
0.0000000000E+000	0.0000000000E+000
1.6666666667E-002	6.0140071223E-002
3.3333333333E-002	6.0000000000E-002
5.0000000000E-002	6.0000000000E-002
6.6666666667E-002	6.0000000000E-002
8.3333333333E-002	6.0000000000E-002
1.0000000000E-001	6.0000000000E-002
1.1666666667E-001	6.0000000000E-002
1.3333333333E-001	6.0000000000E-002
1.5000000000E-001	6.0000000000E-002
1.6666666667E-001	6.0000000000E-002
1.8333333333E-001	6.0000000000E-002
2.0000000000E-001	6.0173947350E-002
2.1666666667E-001	6.0726251376E-002
2.3333333333E-001	6.1236295404E-002
2.5000000000E-001	6.1709069420E-002
2.6666666667E-001	6.2148832244E-002
2.8333333333E-001	6.2559208773E-002
3.0000000000E-001	6.2943306833E-002
3.1666666667E-001	6.3303808560E-002
3.3333333333E-001	6.3643042641E-002
3.5000000000E-001	6.3963042022E-002
3.6666666667E-001	6.4265590428E-002
3.8333333333E-001	6.4552260185E-002
4.0000000000E-001	6.4824630622E-002
4.1666666667E-001	6.5084084566E-002
4.3333333333E-001	6.5331721157E-002
4.5000000000E-001	6.5568496750E-002
4.6666666667E-001	6.5795255057E-002
4.8333333333E-001	6.6012747314E-002
5.0000000000E-001	6.6221646891E-002
5.1666666667E-001	6.6422607500E-002
5.3333333333E-001	6.6616457296E-002
5.5000000000E-001	6.6803336931E-002
5.6666666667E-001	6.6983704381E-002
5.8333333333E-001	6.7157976254E-002
6.0000000000E-001	6.7326532969E-002
6.1666666667E-001	6.7489722787E-002
6.3333333333E-001	6.7647865248E-002
6.5000000000E-001	6.7801399564E-002
6.6666666667E-001	6.7950886438E-002
6.8333333333E-001	6.8096219388E-002
7.0000000000E-001	6.8237663450E-002
7.1666666667E-001	6.8375461377E-002
7.3333333333E-001	6.8509836908E-002
7.5000000000E-001	6.8640996973E-002
7.6666666667E-001	6.8769133446E-002
7.8333333333E-001	6.8894424613E-002
8.0000000000E-001	6.9017036412E-002
8.1666666667E-001	6.9137123519E-002
8.3333333333E-001	6.9254830302E-002
8.5000000000E-001	6.9370291668E-002
8.6666666667E-001	6.9483633822E-002
8.8333333333E-001	6.9594974950E-002
9.0000000000E-001	6.9704425837E-002
9.1666666667E-001	6.9812090424E-002
9.3333333333E-001	6.9918066316E-002
9.5000000000E-001	7.0022445242E-002
9.6666666667E-001	7.0125313475E-002
9.8333333333E-001	7.0226752220E-002
1.0000000000E+000	7.0326837958E-002
1.0166666667E+000	7.0425642776E-002
1.0333333333E+000	7.0523234655E-002
1.0500000000E+000	7.0619677746E-002
1.0666666667E+000	7.0715032616E-002
1.0833333333E+000	7.0809356482E-002
1.1000000000E+000	7.0902703418E-002
1.1166666667E+000	7.0995124556E-002
1.1333333333E+000	7.1086668263E-002
1.1500000000E+000	7.1177380311E-002
1.1666666667E+000	7.1267304030E-002
1.1833333333E+000	7.1356480456E-002
1.2000000000E+000	7.1444948461E-002
1.2166666667E+000	7.1532744878E-002
1.2333333333E+000	7.1619904620E-002
1.2500000000E+000	7.1706460785E-002
1.2666666667E+000	7.1792444758E-002
1.2833333333E+000	7.1877886302E-002
1.3000000000E+000	7.1962813650E-002
1.3166666667E+000	7.2047253585E-002
1.3333333333E+000	7.2131231516E-002
1.3500000000E+000	7.2214771553E-002
1.3666666667E+000	7.2297896569E-002
1.3833333333E+000	7.2380628270E-002
1.4000000000E+000	7.2462987248E-002
1.4166666667E+000	7.2544993041E-002
1.4333333333E+000	7.2626664187E-002
1.4500000000E+000	7.2708018267E-002
1.4666666667E+000	7.2789071957E-002
1.4833333333E+000	7.2869841070E-002
1.5000000000E+000	7.2950340600E-002
1.5166666667E+000	7.3030584757E-002
1.5333333333E+000	7.3110587006E-002
1.5500000000E+000	7.3190360102E-002
1.5666666667E+000	7.3269916123E-002
1.5833333333E+000	7.3349266503E-002
1.6000000000E+000	7.3428422058E-002
1.6166666667E+000	7.3507393017E-002
1.6333333333E+000	7.3586189047E-002
1.6500000000E+000	7.3664819281E-002
1.6666666667E+000	7.3743292338E-002
1.6833333333E+000	7.3821616350E-002
1.7000000000E+000	7.3899798981E-002
1.7166666667E+000	7.3977847449E-002
1.7333333333E+000	7.4055768545E-002
1.7500000000E+000	7.4133568652E-002
1.7666666667E+000	7.4211253764E-002
1.7833333333E+000	7.4288829502E-002
1.8000000000E+000	7.4366301128E-002
1.8166666667E+000	7.4443673567E-002
1.8333333333E+000	7.4520951414E-002
1.8500000000E+000	7.4598138955E-002
1.8666666667E+000	7.4675240177E-002
1.8833333333E+000	7.4752258779E-002
1.9000000000E+000	7.4829198191E-002
1.9166666667E+000	7.4906061581E-002
1.9333333333E+000	7.4982851865E-002
1.9500000000E+000	7.5059571722E-002
1.9666666667E+000	7.5136223605E-002
1.9833333333E+000	7.5212809745E-002
2.0000000000E+000	7.5289332168E-002
2.0166666667E+000	7.5365792697E-002
2.0333333333E+000	7.5442192969E-002
2.0500000000E+000	7.5518534436E-002
2.0666666667E+000	7.5594818378E-002
2.0833333333E+000	7.5671045909E-002
2.1000000000E+000	7.5747217984E-002
2.1166666667E+000	7.5823335409E-002
2.1333333333E+000	7.5899398843E-002
2.1500000000E+000	7.5975408812E-002
2.1666666667E+000	7.6051365708E-002
2.1833333333E+000	7.6127269801E-002
2.2000000000E+000	7.6203121240E-002
2.2166666667E+000	7.6278920063E-002
2.2333333333E+000	7.6354666201E-002
2.2500000000E+000	7.6430359482E-002
2.2666666667E+000	7.6505999640E-002
2.2833333333E+000	7.6581586314E-002
2.3000000000E+000	7.6657119058E-002
2.3166666667E+000	7.6732597344E-002
2.3333333333E+000	7.6808020566E-002
2.3500000000E+000	7.6883388043E-002
2.3666666667E+000	7.6958699027E-002
2.3833333333E+000	7.7033952702E-002
2.4000000000E+000	7.7109148192E-002
2.4166666667E+000	7.7184284563E-002
2.4333333333E+000	7.7259360825E-002
2.4500000000E+000	7.7334375939E-002
2.4666666667E+000	7.7409328818E-002
2.4833333333E+000	7.7484218328E-002
2.5000000000E+000	7.7559043296E-002
2.5166666667E+000	7.7633802510E-002
2.5333333333E+000	7.7708494722E-002
2.5500000000E+000	7.7783118649E-002
2.5666666667E+000	7.7857672981E-002
2.5833333333E+000	7.7932156378E-002
2.6000000000E+000	7.8006567475E-002
2.6166666667E+000	7.8080904882E-002
2.6333333333E+000	7.8155167192E-002
2.6500000000E+000	7.8229352976E-002
2.6666666667E+000	7.8303460788E-002
2.6833333333E+000	7.8377489171E-002
2.7000000000E+000	7.8451436650E-002
2.7166666667E+000	7.8525301743E-002
2.7333333333E+000	7.8599082957E-002
2.7500000000E+000	7.8672778792E-002
2.7666666667E+000	7.8746387742E-002
2.7833333333E+000	7.8819908296E-002
2.8000000000E+000	7.8893338942E-002
2.8166666667E+000	7.8966678163E-002
2.8333333333E+000	7.9039924445E-002
2.8500000000E+000	7.9113076275E-002
2.8666666667E+000	7.9186132141E-002
2.8833333333E+000	7.9259090536E-002
2.9000000000E+000	7.9331949956E-002
2.9166666667E+000	7.9404708904E-002
2.9333333333E+000	7.9477365891E-002
2.9500000000E+000	7.9549919434E-002
2.9666666667E+000	7.9622368059E-002
2.9833333333E+000	7.9694710304E-002
3.0000000000E+000	7.9766944714E-002
3.0166666667E+000	7.9839069848E-002
3.0333333333E+000	7.9911084277E-002
3.0500000000E+000	7.9982986583E-002
3.0666666667E+000	8.0054775364E-002
3.0833333333E+000	8.0126449230E-002
3.1000000000E+000	8.0198006807E-002
3.1166666667E+000	8.0269446737E-002
3.1333333333E+000	8.0340767676E-002
3.1500000000E+000	8.0411968298E-002
3.1666666667E+000	8.0483047294E-002
3.1833333333E+000	8.0554003371E-002
3.2000000000E+000	8.0624835255E-002
3.2166666667E+000	8.0695541690E-002
3.2333333333E+000	8.0766121438E-002
3.2500000000E+000	8.0836573281E-002
3.2666666667E+000	8.0906896018E-002
3.2833333333E+000	8.0977088470E-002
3.3000000000E+000	8.1047149476E-002
3.3166666667E+000	8.1117077896E-002
3.3333333333E+000	8.1186872609E-002
3.3500000000E+000	8.1256532516E-002
3.3666666667E+000	8.1326056536E-002
3.3833333333E+000	8.1395443612E-002
3.4000000000E+000	8.1464692706E-002
3.4166666667E+000	8.1533802799E-002
3.4333333333E+000	8.1602772897E-002
3.4500000000E+000	8.1671602024E-002
3.4666666667E+000	8.1740289227E-002
3.4833333333E+000	8.1808833573E-002
3.5000000000E+000	8.1877234151E-002
3.5166666667E+000	8.1945490070E-002
3.5333333333E+000	8.2013600462E-002
3.5500000000E+000	8.2081564480E-002
3.5666666667E+000	8.2149381297E-002
3.5833333333E+000	8.2217050107E-002
3.6000000000E+000	8.2284570127E-002
3.6166666667E+000	8.2351940594E-002
3.6333333333E+000	8.2419160765E-002
3.6500000000E+000	8.2486229920E-002
3.6666666667E+000	8.2553147358E-002
3.6833333333E+000	8.2619912399E-002
3.7000000000E+000	8.2686524385E-002
3.7166666667E+000	8.2752982677E-002
3.7333333333E+000	8.2819286656E-002
3.7500000000E+000	8.2885435726E-002
3.7666666667E+000	8.2951429308E-002
3.7833333333E+000	8.3017266844E-002
3.8000000000E+000	8.3082947796E-002
3.8166666667E+000	8.3148471646E-002
3.8333333333E+000	8.3213837894E-002
3.8500000000E+000	8.3279046060E-002
3.8666666667E+000	8.3344095685E-002
3.8833333333E+000	8.3408986326E-002
3.9000000000E+000	8.3473717560E-002
3.9166666667E+000	8.3538288983E-002
3.9333333333E+000	8.3602700209E-002
3.9500000000E+000	8.3666950869E-002
3.9666666667E+000	8.3731040613E-002
3.9833333333E+000	8.3794969110E-002
4.0000000000E+000	8.3858736045E-002
4.0166666667E+000	8.3922341119E-002
4.0333333333E+000	8.3985784053E-002
4.0500000000E+000	8.4049064583E-002
4.0666666667E+000	8.4112182462E-002
4.0833333333E+000	8.4175137461E-002
4.1000000000E+000	8.4237929365E-002
4.1166666667E+000	8.4300557975E-002
4.1333333333E+000	8.4363023111E-002
4.1500000000E+000	8.4425324604E-002
4.1666666667E+000	8.4487462304E-002
4.1833333333E+000	8.4549436075E-002
4.2000000000E+000	8.4611245795E-002
4.2166666667E+000	8.4672891357E-002
4.2333333333E+000	8.4734372669E-002
4.2500000000E+000	8.4795689654E-002
4.2666666667E+000	8.4856842247E-002
4.2833333333E+000	8.4917830398E-002
4.3000000000E+000	8.4978654070E-002
4.3166666667E+000	8.5039313240E-002
4.3333333333E+000	8.5099807898E-002
4.3500000000E+000	8.5160138045E-002
4.3666666667E+000	8.5220303698E-002
4.3833333333E+000	8.5280304884E-002
4.4000000000E+000	8.5340141643E-002
4.4166666667E+000	8.5399814026E-002
4.4333333333E+000	8.5459322098E-002
4.4500000000E+000	8.5518665932E-002
4.4666666667E+000	8.5577845617E-002
4.4833333333E+000	8.5636861248E-002
4.5000000000E+000	8.5695712935E-002
4.5166666667E+000	8.5754400797E-002
4.5333333333E+000	8.5812924963E-002
4.5500000000E+000	8.5871285573E-002
4.5666666667E+000	8.5929482778E-002
4.5833333333E+000	8.5987516736E-002
4.6000000000E+000	8.6045387617E-002
4.6166666667E+000	8.6103095601E-002
4.6333333333E+000	8.6160640875E-002
4.6500000000E+000	8.6218023636E-002
4.6666666667E+000	8.6275244091E-002
4.6833333333E+000	8.6332302453E-002
4.7000000000E+000	8.6389198947E-002
4.7166666667E+000	8.6445933804E-002
4.7333333333E+000	8.6502507262E-002
4.7500000000E+000	8.6558919570E-002
4.7666666667E+000	8.6615170983E-002
4.7833333333E+000	8.6671261763E-002
4.8000000000E+000	8.6727192181E-002
4.8166666667E+000	8.6782962513E-002
4.8333333333E+000	8.6838573044E-002
4.8500000000E+000	8.6894024065E-002
4.8666666667E+000	8.6949315873E-002
4.8833333333E+000	8.7004448773E-002
4.9000000000E+000	8.7059423075E-002
4.9166666667E+000	8.7114239095E-002
4.9333333333E+000	8.7168897158E-002
4.9500000000E+000	8.7223397591E-002
4.9666666667E+000	8.7277740727E-002
4.9833333333E+000	8.7331926908E-002
5.0000000000E+000	8.7385956479E-002
5.0166666667E+000	8.7439829788E-002
5.0333333333E+000	8.7493547193E-002
5.0500000000E+000	8.7547109052E-002
5.0666666667E+000	8.7600515733E-002
5.0833333333E+000	8.7653767603E-002
5.1000000000E+000	8.7706865038E-002
5.1166666667E+000	8.7759808415E-002
5.1333333333E+000	8.7812598119E-002
5.1500000000E+000	8.7865234535E-002
5.1666666667E+000	8.7917718056E-002
5.1833333333E+000	8.7970049075E-002
5.2000000000E+000	8.8022227991E-002
5.2166666667E+000	8.8074255206E-002
5.2333333333E+000	8.8126131126E-002
5.2500000000E+000	8.8177856159E-002
5.2666666667E+000	8.8229430718E-002
5.2833333333E+000	8.8280855217E-002
5.3000000000E+000	8.8332130076E-002
5.3166666667E+000	8.8383255715E-002
5.3333333333E+000	8.8434232557E-002
5.3500000000E+000	8.8485061030E-002
5.3666666667E+000	8.8535741563E-002
5.3833333333E+000	8.8586274586E-002
5.4000000000E+000	8.8636660534E-002
5.4166666667E+000	8.8686899843E-002
5.4333333333E+000	8.8736992951E-002
5.4500000000E+000	8.8786940299E-002
5.4666666667E+000	8.8836742328E-002
5.4833333333E+000	8.8886399483E-002
5.5000000000E+000	8.8935912209E-002
5.5166666667E+000	8.8985280955E-002
5.5333333333E+000	8.9034506168E-002
5.5500000000E+000	8.9083588301E-002
5.5666666667E+000	8.9132527805E-002
5.5833333333E+000	8.9181325133E-002
5.6000000000E+000	8.9229980740E-002
5.6166666667E+000	8.9278495083E-002
5.6333333333E+000	8.9326868617E-002
5.6500000000E+000	8.9375101800E-002
5.6666666667E+000	8.9423195093E-002
5.6833333333E+000	8.9471148954E-002
5.7000000000E+000	8.9518963844E-002
5.7166666667E+000	8.9566640224E-002
5.7333333333E+000	8.9614178557E-002
5.7500000000E+000	8.9661579304E-002
5.7666666667E+000	8.9708842930E-002
5.7833333333E+000	8.9755969897E-002
5.8000000000E+000	8.9802960670E-002
5.8166666667E+000	8.9849815712E-002
5.8333333333E+000	8.9896535489E-002
5.8500000000E+000	8.9943120465E-002
5.8666666667E+000	8.9989571106E-002
5.8833333333E+000	9.0035887875E-002
5.9000000000E+000	9.0082071239E-002
5.9166666667E+000	9.0128121663E-002
5.9333333333E+000	9.0174039612E-002
5.9500000000E+000	9.0219825550E-002
5.9666666667E+000	9.0265479943E-002
5.9833333333E+000	9.0311003255E-002
6.0000000000E+000	9.0356395951E-002
6.0166666667E+000	9.0401658495E-002
6.0333333333E+000	9.0446791350E-002
6.0500000000E+000	9.0491794980E-002
6.0666666667E+000	9.0536669847E-002
6.0833333333E+000	9.0581416415E-002
6.1000000000E+000	9.0626035146E-002
6.1166666667E+000	9.0670526500E-002
6.1333333333E+000	9.0714890939E-002
6.1500000000E+000	9.0759128923E-002
6.1666666667E+000	9.0803240911E-002
6.1833333333E+000	9.0847227363E-002
6.2000000000E+000	9.0891088736E-002
6.2166666667E+000	9.0934825488E-002
6.2333333333E+000	9.0978438076E-002
6.2500000000E+000	9.1021926954E-002
6.2666666667E+000	9.1065292579E-002
6.2833333333E+000	9.1108535404E-002
6.3000000000E+000	9.1151655882E-002
6.3166666667E+000	9.1194654466E-002
6.3333333333E+000	9.1237531606E-002
6.3500000000E+000	9.1280287753E-002
6.3666666667E+000	9.1322923356E-002
6.3833333333E+000	9.1365438863E-002
6.4000000000E+000	9.1407834721E-002
6.4166666667E+000	9.1450111376E-002
6.4333333333E+000	9.1492269272E-002
6.4500000000E+000	9.1534308854E-002
6.4666666667E+000	9.1576230564E-002
6.4833333333E+000	9.1618034843E-002
6.5000000000E+000	9.1659722131E-002
6.5166666667E+000	9.1701292868E-002
6.5333333333E+000	9.1742747490E-002
6.5500000000E+000	9.1784086434E-002
6.5666666667E+000	9.1825310135E-002
6.5833333333E+000	9.1866419028E-002
6.6000000000E+000	9.1907413544E-002
6.6166666667E+000	9.1948294114E-002
6.6333333333E+000	9.1989061169E-002
6.6500000000E+000	9.2029715136E-002
6.6666666667E+000	9.2070256444E-002
6.6833333333E+000	9.2110685516E-002
6.7000000000E+000	9.2151002779E-002
6.7166666667E+000	9.2191208654E-002
6.7333333333E+000	9.2231303564E-002
6.7500000000E+000	9.2271287927E-002
6.7666666667E+000	9.2311162163E-002
6.7833333333E+000	9.2350926689E-002
6.8000000000E+000	9.2390581921E-002
6.8166666667E+000	9.2430128272E-002
6.8333333333E+000	9.2469566155E-002
6.8500000000E+000	9.2508895981E-002
6.8666666667E+000	9.2548118161E-002
6.8833333333E+000	9.2587233102E-002
6.9000000000E+000	9.2626241211E-002
6.9166666667E+000	9.2665142893E-002
6.9333333333E+000	9.2703938551E-002
6.9500000000E+000	9.2742628589E-002
6.9666666667E+000	9.2781213406E-002
6.9833333333E+000	9.2819693401E-002
7.0000000000E+000	9.2858068971E-002
7.0166666667E+000	9.2896340514E-002
7.0333333333E+000	9.2934508422E-002
7.0500000000E+000	9.2972573089E-002
7.0666666667E+000	9.3010534906E-002
7.0833333333E+000	9.3048394262E-002
7.1000000000E+000	9.3086151546E-002
7.1166666667E+000	9.3123807143E-002
7.1333333333E+000	9.3161361440E-002
7.1500000000E+000	9.3198814819E-002
7.1666666667E+000	9.3236167662E-002
7.1833333333E+000	9.3273420348E-002
7.2000000000E+000	9.3310573257E-002
7.2166666667E+000	9.3347626766E-002
7.2333333333E+000	9.3384581250E-002
7.2500000000E+000	9.3421437082E-002
7.2666666667E+000	9.3458194636E-002
7.2833333333E+000	9.3494854280E-002
7.3000000000E+000	9.3531416385E-002
7.3166666667E+000	9.3567881318E-002
7.3333333333E+000	9.3604249445E-002
7.3500000000E+000	9.3640521130E-002
7.3666666667E+000	9.3676696735E-002
7.3833333333E+000	9.3712776623E-002
7.4000000000E+000	9.3748761151E-002
7.4166666667E+000	9.3784650678E-002
7.4333333333E+000	9.3820445561E-002
7.4500000000E+000	9.3856146154E-002
7.4666666667E+000	9.3891752811E-002
7.4833333333E+000	9.3927265882E-002
7.5000000000E+000	9.3962685718E-002
7.5166666667E+000	9.3998012668E-002
7.5333333333E+000	9.4033247077E-002
7.5500000000E+000	9.4068389293E-002
7.5666666667E+000	9.4103439658E-002
7.5833333333E+000	9.4138398514E-002
7.6000000000E+000	9.4173266202E-002
7.6166666667E+000	9.4208043062E-002
7.6333333333E+000	9.4242729430E-002
7.6500000000E+000	9.4277325644E-002
7.6666666667E+000	9.4311832036E-002
7.6833333333E+000	9.4346248941E-002
7.7000000000E+000	9.4380576689E-002
7.7166666667E+000	9.4414815610E-002
7.7333333333E+000	9.4448966033E-002
7.7500000000E+000	9.4483028285E-002
7.7666666667E+000	9.4517002690E-002
7.7833333333E+000	9.4550889573E-002
7.8000000000E+000	9.4584689255E-002
7.8166666667E+000	9.4618402059E-002
7.8333333333E+000	9.4652028302E-002
7.8500000000E+000	9.4685568302E-002
7.8666666667E+000	9.4719022377E-002
7.8833333333E+000	9.4752390840E-002
7.9000000000E+000	9.4785674005E-002
7.9166666667E+000	9.4818872184E-002
7.9333333333E+000	9.4851985687E-002
7.9500000000E+000	9.4885014824E-002
7.9666666667E+000	9.4917959900E-002
7.9833333333E+000	9.4950821224E-002
8.0000000000E+000	9.4983599099E-002
8.0166666667E+000	9.5016293828E-002
8.0333333333E+000	9.5048905713E-002
8.0500000000E+000	9.5081435054E-002
8.0666666667E+000	9.5113882150E-002
8.0833333333E+000	9.5146247298E-002
8.1000000000E+000	9.5178530795E-002
8.1166666667E+000	9.5210732935E-002
8.1333333333E+000	9.5242854011E-002
8.1500000000E+000	9.5274894315E-002
8.1666666667E+000	9.5306854138E-002
8.1833333333E+000	9.5338733768E-002
8.2000000000E+000	9.5370533493E-002
8.2166666667E+000	9.5402253599E-002
8.2333333333E+000	9.5433894371E-002
8.2500000000E+000	9.5465456093E-002
8.2666666667E+000	9.5496939047E-002
8.2833333333E+000	9.5528343514E-002
8.3000000000E+000	9.5559669773E-002
8.3166666667E+000	9.5590918102E-002
8.3333333333E+000	9.5622088779E-002
8.3500000000E+000	9.5653182078E-002
8.3666666667E+000	9.5684198274E-002
8.3833333333E+000	9.5715137639E-002
8.4000000000E+000	9.5746000446E-002
8.4166666667E+000	9.5776786965E-002
8.4333333333E+000	9.5807497464E-002
8.4500000000E+000	9.5838132212E-002
8.4666666667E+000	9.5868691474E-002
8.4833333333E+000	9.5899175515E-002
8.5000000000E+000	9.5929584601E-002
8.5166666667E+000	9.5959918992E-002
8.5333333333E+000	9.5990178951E-002
8.5500000000E+000	9.6020364738E-002
8.5666666667E+000	9.6050476611E-002
8.5833333333E+000	9.6080514829E-002
8.6000000000E+000	9.6110479647E-002
8.6166666667E+000	9.6140371320E-002
8.6333333333E+000	9.6170190103E-002
8.6500000000E+000	9.6199936249E-002
8.6666666667E+000	9.6229610008E-002
8.6833333333E+000	9.6259211631E-002
8.7000000000E+000	9.6288741368E-002
8.7166666667E+000	9.6318199466E-002
8.7333333333E+000	9.6347586172E-002
8.7500000000E+000	9.6376901731E-002
8.7666666667E+000	9.6406146388E-002
8.7833333333E+000	9.6435320387E-002
8.8000000000E+000	9.6464423969E-002
8.8166666667E+000	9.6493457375E-002
8.8333333333E+000	9.6522420845E-002
8.8500000000E+000	9.6551314618E-002
8.8666666667E+000	9.6580138930E-002
8.8833333333E+000	9.6608894020E-002
8.9000000000E+000	9.6637580121E-002
8.9166666667E+000	9.6666197469E-002
8.9333333333E+000	9.6694746295E-002
8.9500000000E+000	9.6723226832E-002
8.9666666667E+000	9.6751639312E-002
8.9833333333E+000	9.6779983963E-002
9.0000000000E+000	9.6808261014E-002
9.0166666667E+000	9.6836470693E-002
9.0333333333E+000	9.6864613226E-002
9.0500000000E+000	9.6892688840E-002
9.0666666667E+000	9.6920697757E-002
9.0833333333E+000	9.6948640203E-002
9.1000000000E+000	9.6976516398E-002
9.1166666667E+000	9.7004326564E-002
9.1333333333E+000	9.7032070922E-002
9.1500000000E+000	9.7059749690E-002
9.1666666667E+000	9.7087363087E-002
9.1833333333E+000	9.7114911329E-002
9.2000000000E+000	9.7142394634E-002
9.2166666667E+000	9.7169813215E-002
9.2333333333E+000	9.7197167288E-002
9.2500000000E+000	9.7224457064E-002
9.2666666667E+000	9.7251682758E-002
9.2833333333E+000	9.7278844578E-002
9.3000000000E+000	9.7305942736E-002
9.3166666667E+000	9.7332977441E-002
9.3333333333E+000	9.7359948900E-002
9.3500000000E+000	9.7386857322E-002
9.3666666667E+000	9.7413702912E-002
9.3833333333E+000	9.7440485876E-002
9.4000000000E+000	9.7467206418E-002
9.4166666667E+000	9.7493864741E-002
9.4333333333E+000	9.7520461048E-002
9.4500000000E+000	9.7546995541E-002
9.4666666667E+000	9.7573468420E-002
9.4833333333E+000	9.7599879885E-002
9.5000000000E+000	9.7626230134E-002
9.5166666667E+000	9.7652519366E-002
9.5333333333E+000	9.7678747777E-002
9.5500000000E+000	9.7704915563E-002
9.5666666667E+000	9.7731022920E-002
9.5833333333E+000	9.7757070042E-002
9.6000000000E+000	9.7783057122E-002
9.6166666667E+000	9.7808984353E-002
9.6333333333E+000	9.7834851926E-002
9.6500000000E+000	9.7860660033E-002
9.6666666667E+000	9.7886408862E-002
9.6833333333E+000	9.7912098604E-002
9.7000000000E+000	9.7937729445E-002
9.7166666667E+000	9.7963301574E-002
9.7333333333E+000	9.7988815177E-002
9.7500000000E+000	9.8014270440E-002
9.7666666667E+000	9.8039667547E-002
9.7833333333E+000	9.8065006682E-002
9.8000000000E+000	9.8090288029E-002
9.8166666667E+000	9.8115511769E-002
9.8333333333E+000	9.8140678085E-002
9.8500000000E+000	9.8165787156E-002
9.8666666667E+000	9.8190839164E-002
9.8833333333E+000	9.8215834286E-002
9.9000000000E+000	9.8240772701E-002
9.9166666667E+000	9.8265654586E-002
9.9333333333E+000	9.8290480119E-002
9.9500000000E+000	9.8315249475E-002
9.9666666667E+000	9.8339962829E-002
9.9833333333E+000	9.8364620356E-002
1.0000000000E+001	9.8389222229E-002
1.0016666667E+001	9.8413768620E-002
1.0033333333E+001	9.8438259703E-002
1.0050000000E+001	9.8462695647E-002
1.0066666667E+001	9.8487076624E-002
1.0083333333E+001	9.8511402804E-002
1.0100000000E+001	9.8535674354E-002
1.0116666667E+001	9.8559891445E-002
1.0133333333E+001	9.8584054242E-002
1.0150000000E+001	9.8608162914E-002
1.0166666667E+001	9.8632217625E-002
1.0183333333E+001	9.8656218542E-002
1.0200000000E+001	9.8680165829E-002
1.0216666667E+001	9.8704059650E-002
1.0233333333E+001	9.8727900167E-002
1.0250000000E+001	9.8751687545E-002
1.0266666667E+001	9.8775421943E-002
1.0283333333E+001	9.8799103524E-002
1.0300000000E+001	9.8822732447E-002
1.0316666667E+001	9.8846308873E-002
1.0333333333E+001	9.8869832960E-002
1.0350000000E+001	9.8893304867E-002
1.0366666667E+001	9.8916724751E-002
1.0383333333E+001	9.8940092769E-002
1.0400000000E+001	9.8963409078E-002
1.0416666667E+001	9.8986673832E-002
1.0433333333E+001	9.9009887188E-002
1.0450000000E+001	9.9033049299E-002
1.0466666667E+001	9.9056160319E-002
1.0483333333E+001	9.9079220400E-002
1.0500000000E+001	9.9102229696E-002
1.0516666667E+001	9.9125188357E-002
1.0533333333E+001	9.9148096535E-002
1.0550000000E+001	9.9170954380E-002
1.0566666667E+001	9.9193762042E-002
1.0583333333E+001	9.9216519670E-002
1.0600000000E+001	9.9239227412E-002
1.0616666667E+001	9.9261885416E-002
1.0633333333E+001	9.9284493830E-002
1.0650000000E+001	9.9307052800E-002
1.0666666667E+001	9.9329562472E-002
1.0683333333E+001	9.9352022991E-002
1.0700000000E+001	9.9374434502E-002
1.0716666667E+001	9.9396797149E-002
1.0733333333E+001	9.9419111077E-002
1.0750000000E+001	9.9441376426E-002
1.0766666667E+001	9.9463593341E-002
1.0783333333E+001	9.9485761963E-002
1.0800000000E+001	9.9507882433E-002
1.0816666667E+001	9.9529954891E-002
1.0833333333E+001	9.9551979478E-002
1.0850000000E+001	9.9573956333E-002
1.0866666667E+001	9.9595885595E-002
1.0883333333E+001	9.9617767402E-002
1.0900000000E+001	9.9639601892E-002
1.0916666667E+001	9.9661389201E-002
1.0933333333E+001	9.9683129468E-002
1.0950000000E+001	9.9704822826E-002
1.0966666667E+001	9.9726469413E-002
1.0983333333E+001	9.9748069362E-002
1.1000000000E+001	9.9769622809E-002
1.1016666667E+001	9.9791129886E-002
1.1033333333E+001	9.9812590728E-002
1.1050000000E+001	9.9834005467E-002
1.1066666667E+001	9.9855374235E-002
1.1083333333E+001	9.9876697164E-002
1.1100000000E+001	9.9897974384E-002
1.1116666667E+001	9.9919206027E-002
1.1133333333E+001	9.9940392222E-002
1.1150000000E+001	9.9961533099E-002
1.1166666667E+001	9.9982628788E-002
1.1183333333E+001	1.0000367942E-001
1.1200000000E+001	1.0002468511E-001
1.1216666667E+001	1.0004564600E-001
1.1233333333E+001	1.0006656221E-001
1.1250000000E+001	1.0008743387E-001
1.1266666667E+001	1.0010826110E-001
1.1283333333E+001	1.0012904404E-001
1.1300000000E+001	1.0014978280E-001
1.1316666667E+001	1.0017047750E-001
1.1333333333E+001	1.0019112828E-001
1.1350000000E+001	1.0021173526E-001
1.1366666667E+001	1.0023229855E-001
1.1383333333E+001	1.0025281829E-001
1.1400000000E+001	1.0027329458E-001
1.1416666667E+001	1.0029372757E-001
1.1433333333E+001	1.0031411736E-001
1.1450000000E+001	1.0033446408E-001
1.1466666667E+001	1.0035476784E-001
1.1483333333E+001	1.0037502877E-001
1.1500000000E+001	1.0039524698E-001
1.1516666667E+001	1.0041542260E-001
1.1533333333E+001	1.0043555574E-001
1.1550000000E+001	1.0045564652E-001
1.1566666667E+001	1.0047569506E-001
1.1583333333E+001	1.0049570147E-001
1.1600000000E+001	1.0051566587E-001
1.1616666667E+001	1.0053558838E-001
1.1633333333E+001	1.0055546911E-001
1.1650000000E+001	1.0057530818E-001
1.1666666667E+001	1.0059510569E-001
1.1683333333E+001	1.0061486177E-001
1.1700000000E+001	1.0063457654E-001
1.1716666667E+001	1.0065425009E-001
1.1733333333E+001	1.0067388255E-001
1.1750000000E+001	1.0069347402E-001
1.1766666667E+001	1.0071302463E-001
1.1783333333E+001	1.0073253447E-001
1.1800000000E+001	1.0075200367E-001
1.1816666667E+001	1.0077143233E-001
1.1833333333E+001	1.0079082056E-001
1.1850000000E+001	1.0081016848E-001
1.1866666667E+001	1.0082947618E-001
1.1883333333E+001	1.0084874379E-001
1.1900000000E+001	1.0086797141E-001
1.1916666667E+001	1.0088715914E-001
1.1933333333E+001	1.0090630710E-001
1.1950000000E+001	1.0092541539E-001
1.1966666667E+001	1.0094448413E-001
1.1983333333E+001	1.0096351340E-001
1.2000000000E+001	1.0098250333E-001
1.2016666667E+001	1.0100145402E-001
1.2033333333E+001	1.0102036557E-001
1.2050000000E+001	1.0103923809E-001
1.2066666667E+001	1.0105807169E-001
1.2083333333E+001	1.0107686646E-001
1.2100000000E+001	1.0109562251E-001
1.2116666667E+001	1.0111433994E-001
1.2133333333E+001	1.0113301886E-001
1.2150000000E+001	1.0115165937E-001
1.2166666667E+001	1.0117026158E-001
1.2183333333E+001	1.0118882557E-001
1.2200000000E+001	1.0120735146E-001
1.2216666667E+001	1.0122583935E-001
1.2233333333E+001	1.0124428934E-001
1.2250000000E+001	1.0126270152E-001
1.2266666667E+001	1.0128107600E-001
1.2283333333E+001	1.0129941288E-001
1.2300000000E+001	1.0131771225E-001
1.2316666667E+001	1.0133597422E-001
1.2333333333E+001	1.0135419888E-001
1.2350000000E+001	1.0137238633E-001
1.2366666667E+001	1.0139053667E-001
1.2383333333E+001	1.0140865000E-001
1.2400000000E+001	1.0142672641E-001
1.2416666667E+001	1.0144476601E-001
1.2433333333E+001	1.0146276888E-001
1.2450000000E+001	1.0148073512E-001
1.2466666667E+001	1.0149866484E-001
1.2483333333E+001	1.0151655811E-001
1.2500000000E+001	1.0153441505E-001
1.2516666667E+001	1.0155223574E-001
1.2533333333E+001	1.0157002028E-001
1.2550000000E+001	1.0158776876E-001
1.2566666667E+001	1.0160548127E-001
1.2583333333E+001	1.0162315792E-001
1.2600000000E+001	1.0164079878E-001
1.2616666667E+001	1.0165840396E-001
1.2633333333E+001	1.0167597355E-001
1.2650000000E+001	1.0169350764E-001
1.2666666667E+001	1.0171100631E-001
1.2683333333E+001	1.0172846967E-001
1.2700000000E+001	1.0174589780E-001
1.2716666667E+001	1.0176329079E-001
1.2733333333E+001	1.0178064874E-001
1.2750000000E+001	1.0179797173E-001
1.2766666667E+001	1.0181525986E-001
1.2783333333E+001	1.0183251320E-001
1.2800000000E+001	1.0184973186E-001
1.2816666667E+001	1.0186691592E-001
1.2833333333E+001	1.0188406547E-001
1.2850000000E+001	1.0190118059E-001
1.2866666667E+001	1.0191826138E-001
1.2883333333E+001	1.0193530792E-001
1.2900000000E+001	1.0195232030E-001
1.2916666667E+001	1.0196929861E-001
1.2933333333E+001	1.0198624293E-001
1.2950000000E+001	1.0200315335E-001
1.2966666667E+001	1.0202002995E-001
1.2983333333E+001	1.0203687283E-001
1.3000000000E+001	1.0205368206E-001
1.3016666667E+001	1.0207045773E-001
1.3033333333E+001	1.0208719993E-001
1.3050000000E+001	1.0210390874E-001
1.3066666667E+001	1.0212058425E-001
1.3083333333E+001	1.0213722653E-001
1.3100000000E+001	1.0215383567E-001
1.3116666667E+001	1.0217041176E-001
1.3133333333E+001	1.0218695488E-001
1.3150000000E+001	1.0220346511E-001
1.3166666667E+001	1.0221994254E-001
1.3183333333E+001	1.0223638724E-001
1.3200000000E+001	1.0225279929E-001
1.3216666667E+001	1.0226917879E-001
1.3233333333E+001	1.0228552581E-001
1.3250000000E+001	1.0230184043E-001
1.3266666667E+001	1.0231812273E-001
1.3283333333E+001	1.0233437280E-001
1.3300000000E+001	1.0235059071E-001
1.3316666667E+001	1.0236677654E-001
1.3333333333E+001	1.0238293038E-001
1.3350000000E+001	1.0239905230E-001
1.3366666667E+001	1.0241514238E-001
1.3383333333E+001	1.0243120070E-001
1.3400000000E+001	1.0244722734E-001
1.3416666667E+001	1.0246322237E-001
1.3433333333E+001	1.0247918589E-001
1.3450000000E+001	1.0249511795E-001
1.3466666667E+001	1.0251101865E-001
1.3483333333E+001	1.0252688806E-001
1.3500000000E+001	1.0254272625E-001
1.3516666667E+001	1.0255853330E-001
1.3533333333E+001	1.0257430929E-001
1.3550000000E+001	1.0259005430E-001
1.3566666667E+001	1.0260576840E-001
1.3583333333E+001	1.0262145166E-001
1.3600000000E+001	1.0263710417E-001
1.3616666667E+001	1.0265272599E-001
1.3633333333E+001	1.0266831721E-001
1.3650000000E+001	1.0268387789E-001
1.3666666667E+001	1.0269940811E-001
1.3683333333E+001	1.0271490796E-001
1.3700000000E+001	1.0273037749E-001
1.3716666667E+001	1.0274581678E-001
1.3733333333E+001	1.0276122591E-001
1.3750000000E+001	1.0277660496E-001
1.3766666667E+001	1.0279195398E-001
1.3783333333E+001	1.0280727306E-001
1.3800000000E+001	1.0282256228E-001
1.3816666667E+001	1.0283782169E-001
1.3833333333E+001	1.0285305137E-001
1.3850000000E+001	1.0286825141E-001
1.3866666667E+001	1.0288342185E-001
1.3883333333E+001	1.0289856279E-001
1.3900000000E+001	1.0291367429E-001
1.3916666667E+001	1.0292875641E-001
1.3933333333E+001	1.0294380924E-001
1.3950000000E+001	1.0295883284E-001
1.3966666667E+001	1.0297382728E-001
1.3983333333E+001	1.0298879263E-001
1.4000000000E+001	1.0300372896E-001
1.4016666667E+001	1.0301863635E-001
1.4033333333E+001	1.0303351485E-001
1.4050000000E+001	1.0304836455E-001
1.4066666667E+001	1.0306318550E-001
1.4083333333E+001	1.0307797778E-001
1.4100000000E+001	1.0309274145E-001
1.4116666667E+001	1.0310747659E-001
1.4133333333E+001	1.0312218326E-001
1.4150000000E+001	1.0313686153E-001
1.4166666667E+001	1.0315151147E-001
1.4183333333E+001	1.0316613314E-001
1.4200000000E+001	1.0318072661E-001
1.4216666667E+001	1.0319529195E-001
1.4233333333E+001	1.0320982922E-001
1.4250000000E+001	1.0322433850E-001
1.4266666667E+001	1.0323881984E-001
1.4283333333E+001	1.0325327332E-001
1.4300000000E+001	1.0326769900E-001
1.4316666667E+001	1.0328209694E-001
1.4333333333E+001	1.0329646722E-001
1.4350000000E+001	1.0331080989E-001
1.4366666667E+001	1.0332512502E-001
1.4383333333E+001	1.0333941267E-001
1.4400000000E+001	1.0335367292E-001
1.4416666667E+001	1.0336790582E-001
1.4433333333E+001	1.0338211144E-001
1.4450000000E+001	1.0339628985E-001
1.4466666667E+001	1.0341044110E-001
1.4483333333E+001	1.0342456526E-001
1.4500000000E+001	1.0343866240E-001
1.4516666667E+001	1.0345273257E-001
1.4533333333E+001	1.0346677584E-001
1.4550000000E+001	1.0348079228E-001
1.4566666667E+001	1.0349478194E-001
1.4583333333E+001	1.0350874489E-001
1.4600000000E+001	1.0352268119E-001
1.4616666667E+001	1.0353659090E-001
1.4633333333E+001	1.0355047409E-001
1.4650000000E+001	1.0356433081E-001
1.4666666667E+001	1.0357816113E-001
1.4683333333E+001	1.0359196511E-001
1.4700000000E+001	1.0360574280E-001
1.4716666667E+001	1.0361949428E-001
1.4733333333E+001	1.0363321960E-001
1.4750000000E+001	1.0364691882E-001
1.4766666667E+001	1.0366059200E-001
1.4783333333E+001	1.0367423921E-001
1.4800000000E+001	1.0368786049E-001
1.4816666667E+001	1.0370145592E-001
1.4833333333E+001	1.0371502555E-001
1.4850000000E+001	1.0372856944E-001
1.4866666667E+001	1.0374208765E-001
1.4883333333E+001	1.0375558024E-001
1.4900000000E+001	1.0376904727E-001
1.4916666667E+001	1.0378248880E-001
1.4933333333E+001	1.0379590488E-001
1.4950000000E+001	1.0380929557E-001
1.4966666667E+001	1.0382266094E-001
1.4983333333E+001	1.0383600103E-001
1.5000000000E+001	1.0384931592E-001
1.5016666667E+001	1.0386260564E-001
1.5033333333E+001	1.0387587028E-001
1.5050000000E+001	1.0388910987E-001
1.5066666667E+001	1.0390232447E-001
1.5083333333E+001	1.0391551416E-001
1.5100000000E+001	1.0392867897E-001
1.5116666667E+001	1.0394181897E-001
1.5133333333E+001	1.0395493421E-001
1.5150000000E+001	1.0396802475E-001
1.5166666667E+001	1.0398109065E-001
1.5183333333E+001	1.0399413196E-001
1.5200000000E+001	1.0400714874E-001
1.5216666667E+001	1.0402014105E-001
1.5233333333E+001	1.0403310893E-001
1.5250000000E+001	1.0404605244E-001
1.5266666667E+001	1.0405897165E-001
1.5283333333E+001	1.0407186660E-001
1.5300000000E+001	1.0408473734E-001
1.5316666667E+001	1.0409758394E-001
1.5333333333E+001	1.0411040645E-001
1.5350000000E+001	1.0412320492E-001
1.5366666667E+001	1.0413597941E-001
1.5383333333E+001	1.0414872996E-001
1.5400000000E+001	1.0416145664E-001
1.5416666667E+001	1.0417415950E-001
1.5433333333E+001	1.0418683859E-001
1.5450000000E+001	1.0419949396E-001
1.5466666667E+001	1.0421212567E-001
1.5483333333E+001	1.0422473378E-001
1.5500000000E+001	1.0423731832E-001
1.5516666667E+001	1.0424987936E-001
1.5533333333E+001	1.0426241695E-001
1.5550000000E+001	1.0427493114E-001
1.5566666667E+001	1.0428742198E-001
1.5583333333E+001	1.0429988953E-001
1.5600000000E+001	1.0431233384E-001
1.5616666667E+001	1.0432475495E-001
1.5633333333E+001	1.0433715293E-001
1.5650000000E+001	1.0434952782E-001
1.5666666667E+001	1.0436187967E-001
1.5683333333E+001	1.0437420854E-001
1.5700000000E+001	1.0438651447E-001
1.5716666667E+001	1.0439879752E-001
1.5733333333E+001	1.0441105773E-001
1.5750000000E+001	1.0442329516E-001
1.5766666667E+001	1.0443550987E-001
1.5783333333E+001	1.0444998077E-001
1.5800000000E+001	1.0446629613E-001
1.5816666667E+001	1.0448247006E-001
1.5833333333E+001	1.0449860628E-001
1.5850000000E+001	1.0451470509E-001
1.5866666667E+001	1.0453076681E-001
1.5883333333E+001	1.0454679174E-001
1.5900000000E+001	1.0456278017E-001
1.5916666667E+001	1.0457873238E-001
1.5933333333E+001	1.0459464866E-001
1.5950000000E+001	1.0461016763E-001
1.5966666667E+001	1.0462539245E-001
1.5983333333E+001	1.0464056578E-001
1.6000000000E+001	1.0465568847E-001
1.6016666667E+001	1.0467076135E-001
1.6033333333E+001	1.0468578522E-001
1.6050000000E+001	1.0470076088E-001
1.6066666667E+001	1.0471568912E-001
1.6083333333E+001	1.0473057070E-001
1.6100000000E+001	1.0474540636E-001
1.6116666667E+001	1.0476019684E-001
1.6133333333E+001	1.0477494286E-001
1.6150000000E+001	1.0478964512E-001
1.6166666667E+001	1.0480430432E-001
1.6183333333E+001	1.0481892112E-001
1.6200000000E+001	1.0483349620E-001
1.6216666667E+001	1.0484803020E-001
1.6233333333E+001	1.0486252375E-001
1.6250000000E+001	1.0487697749E-001
1.6266666667E+001	1.0489139201E-001
1.6283333333E+001	1.0490576792E-001
1.6300000000E+001	1.0492010581E-001
1.6316666667E+001	1.0493440625E-001
1.6333333333E+001	1.0494866980E-001
1.6350000000E+001	1.0496289701E-001
1.6366666667E+001	1.0497708843E-001
1.6383333333E+001	1.0499124458E-001
1.6400000000E+001	1.0500536599E-001
1.6416666667E+001	1.0501945315E-001
1.6433333333E+001	1.0503350658E-001
1.6450000000E+001	1.0504752675E-001
1.6466666667E+001	1.0506151414E-001
1.6483333333E+001	1.0507546923E-001
1.6500000000E+001	1.0508939247E-001
1.6516666667E+001	1.0510328432E-001
1.6533333333E+001	1.0511714520E-001
1.6550000000E+001	1.0513097557E-001
1.6566666667E+001	1.0514477583E-001
1.6583333333E+001	1.0515854640E-001
1.6600000000E+001	1.0517228769E-001
1.6616666667E+001	1.0518600011E-001
1.6633333333E+001	1.0519968402E-001
1.6650000000E+001	1.0521333983E-001
1.6666666667E+001	1.0522696791E-001
1.6683333333E+001	1.0524056861E-001
1.6700000000E+001	1.0525414231E-001
1.6716666667E+001	1.0526768935E-001
1.6733333333E+001	1.0528121008E-001
1.6750000000E+001	1.0529470484E-001
1.6766666667E+001	1.0530817397E-001
1.6783333333E+001	1.0532161777E-001
1.6800000000E+001	1.0533503658E-001
1.6816666667E+001	1.0534843070E-001
1.6833333333E+001	1.0536180045E-001
1.6850000000E+001	1.0537514612E-001
1.6866666667E+001	1.0538846800E-001
1.6883333333E+001	1.0540176639E-001
1.6900000000E+001	1.0541504156E-001
1.6916666667E+001	1.0542829379E-001
1.6933333333E+001	1.0544152336E-001
1.6950000000E+001	1.0545473052E-001
1.6966666667E+001	1.0546791555E-001
1.6983333333E+001	1.0548107868E-001
1.7000000000E+001	1.0549422018E-001
1.7016666667E+001	1.0550734030E-001
1.7033333333E+001	1.0552043925E-001
1.7050000000E+001	1.0553351730E-001
1.7066666667E+001	1.0554657466E-001
1.7083333333E+001	1.0555961156E-001
1.7100000000E+001	1.0557262822E-001
1.7116666667E+001	1.0558562486E-001
1.7133333333E+001	1.0559860170E-001
1.7150000000E+001	1.0561155893E-001
1.7166666667E+001	1.0562449677E-001
1.7183333333E+001	1.0563741542E-001
1.7200000000E+001	1.0565031508E-001
1.7216666667E+001	1.0566319592E-001
1.7233333333E+001	1.0567605815E-001
1.7250000000E+001	1.0568890196E-001
1.7266666667E+001	1.0570172751E-001
1.7283333333E+001	1.0571453499E-001
1.7300000000E+001	1.0572732457E-001
1.7316666667E+001	1.0574009643E-001
1.7333333333E+001	1.0575285073E-001
1.7350000000E+001	1.0576558764E-001
1.7366666667E+001	1.0577830731E-001
1.7383333333E+001	1.0579100991E-001
1.7400000000E+001	1.0580369558E-001
1.7416666667E+001	1.0581636449E-001
1.7433333333E+001	1.0582901678E-001
1.7450000000E+001	1.0584165259E-001
1.7466666667E+001	1.0585427207E-001
1.7483333333E+001	1.0586687536E-001
1.7500000000E+001	1.0587946260E-001
1.7516666667E+001	1.0589203392E-001
1.7533333333E+001	1.0590458945E-001
1.7550000000E+001	1.0591712933E-001
1.7566666667E+001	1.0592965368E-001
1.7583333333E+001	1.0594216262E-001
1.7600000000E+001	1.0595465628E-001
1.7616666667E+001	1.0596713477E-001
1.7633333333E+001	1.0597959822E-001
1.7650000000E+001	1.0599204674E-001
1.7666666667E+001	1.0600448045E-001
1.7683333333E+001	1.0601689944E-001
1.7700000000E+001	1.0602930384E-001
1.7716666667E+001	1.0604169375E-001
1.7733333333E+001	1.0605406928E-001
1.7750000000E+001	1.0606643052E-001
1.7766666667E+001	1.0607877757E-001
1.7783333333E+001	1.0609111054E-001
1.7800000000E+001	1.0610342953E-001
1.7816666667E+001	1.0611573462E-001
1.7833333333E+001	1.0612802592E-001
1.7850000000E+001	1.0614030350E-001
1.7866666667E+001	1.0615256747E-001
1.7883333333E+001	1.0616481791E-001
1.7900000000E+001	1.0617705490E-001
1.7916666667E+001	1.0618927854E-001
1.7933333333E+001	1.0620148890E-001
1.7950000000E+001	1.0621368607E-001
1.7966666667E+001	1.0622587012E-001
1.7983333333E+001	1.0623804114E-001
1.8000000000E+001	1.0625019919E-001
1.8016666667E+001	1.0626234437E-001
1.8033333333E+001	1.0627447674E-001
1.8050000000E+001	1.0628659637E-001
1.8066666667E+001	1.0629870333E-001
1.8083333333E+001	1.0631079771E-001
1.8100000000E+001	1.0632287955E-001
1.8116666667E+001	1.0633494894E-001
1.8133333333E+001	1.0634700594E-001
1.8150000000E+001	1.0635905061E-001
1.8166666667E+001	1.0637108303E-001
1.8183333333E+001	1.0638310324E-001
1.8200000000E+001	1.0639511131E-001
1.8216666667E+001	1.0640710731E-001
1.8233333333E+001	1.0641909128E-001
1.8250000000E+001	1.0643106330E-001
1.8266666667E+001	1.0644302342E-001
1.8283333333E+001	1.0645497169E-001
1.8300000000E+001	1.0646690817E-001
1.8316666667E+001	1.0647883292E-001
1.8333333333E+001	1.0649074598E-001
1.8350000000E+001	1.0650264741E-001
1.8366666667E+001	1.0651453726E-001
1.8383333333E+001	1.0652641558E-001
1.8400000000E+001	1.0653828242E-001
1.8416666667E+001	1.0655013784E-001
1.8433333333E+001	1.0656198187E-001
1.8450000000E+001	1.0657381456E-001
1.8466666667E+001	1.0658563597E-001
1.8483333333E+001	1.0659744613E-001
1.8500000000E+001	1.0660924509E-001
1.8516666667E+001	1.0662103290E-001
1.8533333333E+001	1.0663280960E-001
1.8550000000E+001	1.0664457522E-001
1.8566666667E+001	1.0665632982E-001
1.8583333333E+001	1.0666807343E-001
1.8600000000E+001	1.0667980609E-001
1.8616666667E+001	1.0669152785E-001
1.8633333333E+001	1.0670323874E-001
1.8650000000E+001	1.0671493879E-001
1.8666666667E+001	1.0672662806E-001
1.8683333333E+001	1.0673830657E-001
1.8700000000E+001	1.0674997435E-001
1.8716666667E+001	1.0676163146E-001
1.8733333333E+001	1.0677327792E-001
1.8750000000E+001	1.0678491376E-001
1.8766666667E+001	1.0679653902E-001
1.8783333333E+001	1.0680815374E-001
1.8800000000E+001	1.0681975794E-001
1.8816666667E+001	1.0683135166E-001
1.8833333333E+001	1.0684293494E-001
1.8850000000E+001	1.0685450779E-001
1.8866666667E+001	1.0686607026E-001
1.8883333333E+001	1.0687762237E-001
1.8900000000E+001	1.0688916415E-001
1.8916666667E+001	1.0690069564E-001
1.8933333333E+001	1.0691221686E-001
1.8950000000E+001	1.0692372784E-001
1.8966666667E+001	1.0693522860E-001
1.8983333333E+001	1.0694671919E-001
1.9000000000E+001	1.0695819961E-001
1.9016666667E+001	1.0696966991E-001
1.9033333333E+001	1.0698113010E-001
1.9050000000E+001	1.0699258021E-001
1.9066666667E+001	1.0700402027E-001
1.9083333333E+001	1.0701545030E-001
1.9100000000E+001	1.0702687033E-001
1.9116666667E+001	1.0703828039E-001
1.9133333333E+001	1.0704968049E-001
1.9150000000E+001	1.0706107066E-001
1.9166666667E+001	1.0707245092E-001
1.9183333333E+001	1.0708382130E-001
1.9200000000E+001	1.0709518182E-001
1.9216666667E+001	1.0710653250E-001
1.9233333333E+001	1.0711787337E-001
1.9250000000E+001	1.0712920444E-001
1.9266666667E+001	1.0714052573E-001
1.9283333333E+001	1.0715183728E-001
1.9300000000E+001	1.0716313909E-001
1.9316666667E+001	1.0717443120E-001
1.9333333333E+001	1.0718571361E-001
1.9350000000E+001	1.0719698636E-001
1.9366666667E+001	1.0720824945E-001
1.9383333333E+001	1.0721950292E-001
1.9400000000E+001	1.0723074677E-001
1.9416666667E+001	1.0724198103E-001
1.9433333333E+001	1.0725320572E-001
1.9450000000E+001	1.0726442085E-001
1.9466666667E+001	1.0727562644E-001
1.9483333333E+001	1.0728682252E-001
1.9500000000E+001	1.0729800910E-001
1.9516666667E+001	1.0730918619E-001
1.9533333333E+001	1.0732035382E-001
1.9550000000E+001	1.0733151199E-001
1.9566666667E+001	1.0734266074E-001
1.9583333333E+001	1.0735380007E-001
1.9600000000E+001	1.0736493000E-001
1.9616666667E+001	1.0737605055E-001
1.9633333333E+001	1.0738716174E-001
1.9650000000E+001	1.0739826357E-001
1.9666666667E+001	1.0740935607E-001
1.9683333333E+001	1.0742043925E-001
1.9700000000E+001	1.0743151313E-001
1.9716666667E+001	1.0744257772E-001
1.9733333333E+001	1.0745363303E-001
1.9750000000E+001	1.0746467909E-001
1.9766666667E+001	1.0747571590E-001
1.9783333333E+001	1.0748674349E-001
1.9800000000E+001	1.0749776185E-001
1.9816666667E+001	1.0750877102E-001
1.9833333333E+001	1.0751977101E-001
1.9850000000E+001	1.0753076182E-001
1.9866666667E+001	1.0754174347E-001
1.9883333333E+001	1.0755271597E-001
1.9900000000E+001	1.0756367935E-001
1.9916666667E+001	1.0757463361E-001
1.9933333333E+001	1.0758557876E-001
1.9950000000E+001	1.0759651482E-001
1.9966666667E+001	1.0760744180E-001
1.9983333333E+001	1.0761835971E-001
2.0000000000E+001	1.0762926857E-001