0.0000000000E+000 5.0000000000E+001
1.6666666667E-002 3.5307778803E+001
3.3333333333E-002 1.7301555539E+001
5.0000000000E-002 1.6786715377E+001
6.6666666667E-002 1.6439587085E+001
8.3333333333E-002 1.6191586106E+001
1.0000000000E-001 1.6006137778E+001
1.1666666667E-001 1.5862395427E+001
1.3333333333E-001 1.5747725865E+001
1.5000000000E-001 1.5654045213E+001
1.6666666667E-001 1.5576137785E+001
1.8333333333E-001 1.5511539748E+001
2.0000000000E-001 1.5471299188E+001
2.1666666667E-001 1.5472052251E+001
2.3333333333E-001 1.5474642788E+001
2.5000000000E-001 1.5478476309E+001
2.6666666667E-001 1.5483134239E+001
2.8333333333E-001 1.5488321005E+001
3.0000000000E-001 1.5493829665E+001
3.1666666667E-001 1.5499517107E+001
3.3333333333E-001 1.5505286036E+001
3.5000000000E-001 1.5511071872E+001
3.6666666667E-001 1.5516833208E+001
3.8333333333E-001 1.5522544879E+001
4.0000000000E-001 1.5529194341E+001
4.1666666667E-001 1.5536819892E+001
4.3333333333E-001 1.5544581035E+001
4.5000000000E-001 1.5552084876E+001
4.6666666667E-001 1.5559169152E+001
4.8333333333E-001 1.5565786807E+001
5.0000000000E-001 1.5571946080E+001
5.1666666667E-001 1.5578160427E+001
5.3333333333E-001 1.5587256233E+001
5.5000000000E-001 1.5595625888E+001
5.6666666667E-001 1.5603424851E+001
5.8333333333E-001 1.5610757420E+001
6.0000000000E-001 1.5617698056E+001
6.1666666667E-001 1.5624302870E+001
6.3333333333E-001 1.5630615964E+001
6.5000000000E-001 1.5637874228E+001
6.6666666667E-001 1.5648197040E+001
6.8333333333E-001 1.5658264768E+001
7.0000000000E-001 1.5668130790E+001
7.1666666667E-001 1.5677827691E+001
7.3333333333E-001 1.5687376069E+001
7.5000000000E-001 1.5696789320E+001
7.6666666667E-001 1.5706076345E+001
7.8333333333E-001 1.5715243123E+001
8.0000000000E-001 1.5724293669E+001
8.1666666667E-001 1.5733230628E+001
8.3333333333E-001 1.5742055677E+001
8.5000000000E-001 1.5750769793E+001
8.6666666667E-001 1.5759373452E+001
8.8333333333E-001 1.5767866776E+001
9.0000000000E-001 1.5776249643E+001
9.1666666667E-001 1.5784521778E+001
9.3333333333E-001 1.5792682822E+001
9.5000000000E-001 1.5800732379E+001
9.6666666667E-001 1.5808670064E+001
9.8333333333E-001 1.5816495535E+001
1.0000000000E+000 1.5824208512E+001
1.0166666667E+000 1.5831808798E+001
1.0333333333E+000 1.5839296295E+001
1.0500000000E+000 1.5846671006E+001
1.0666666667E+000 1.5853933044E+001
1.0833333333E+000 1.5861082635E+001
1.1000000000E+000 1.5868120113E+001
1.1166666667E+000 1.5875045928E+001
1.1333333333E+000 1.5881860633E+001
1.1500000000E+000 1.5888564890E+001
1.1666666667E+000 1.5895159457E+001
1.1833333333E+000 1.5901645189E+001
1.2000000000E+000 1.5908023031E+001
1.2166666667E+000 1.5914294012E+001
1.2333333333E+000 1.5920459242E+001
1.2500000000E+000 1.5926519902E+001
1.2666666667E+000 1.5932477242E+001
1.2833333333E+000 1.5938332576E+001
1.3000000000E+000 1.5944087274E+001
1.3166666667E+000 1.5949742757E+001
1.3333333333E+000 1.5955300497E+001
1.3500000000E+000 1.5960762004E+001
1.3666666667E+000 1.5966128829E+001
1.3833333333E+000 1.5971402555E+001
1.4000000000E+000 1.5976584794E+001
1.4166666667E+000 1.5981677185E+001
1.4333333333E+000 1.5986681386E+001
1.4500000000E+000 1.5991599076E+001
1.4666666667E+000 1.5996431945E+001
1.4833333333E+000 1.6001181696E+001
1.5000000000E+000 1.6005850041E+001
1.5166666667E+000 1.6010438697E+001
1.5333333333E+000 1.6014949383E+001
1.5500000000E+000 1.6019383819E+001
1.5666666667E+000 1.6023743722E+001
1.5833333333E+000 1.6028030807E+001
1.6000000000E+000 1.6032246781E+001
1.6166666667E+000 1.6036393341E+001
1.6333333333E+000 1.6040472179E+001
1.6500000000E+000 1.6044484970E+001
1.6666666667E+000 1.6048433378E+001
1.6833333333E+000 1.6052319054E+001
1.7000000000E+000 1.6056143631E+001
1.7166666667E+000 1.6059908726E+001
1.7333333333E+000 1.6063615935E+001
1.7500000000E+000 1.6067266840E+001
1.7666666667E+000 1.6070862997E+001
1.7833333333E+000 1.6074405945E+001
1.8000000000E+000 1.6077897200E+001
1.8166666667E+000 1.6081338254E+001
1.8333333333E+000 1.6084730579E+001
1.8500000000E+000 1.6088075621E+001
1.8666666667E+000 1.6091374801E+001
1.8833333333E+000 1.6094629518E+001
1.9000000000E+000 1.6097841144E+001
1.9166666667E+000 1.6101011027E+001
1.9333333333E+000 1.6104140488E+001
1.9500000000E+000 1.6107230825E+001
1.9666666667E+000 1.6110283306E+001
1.9833333333E+000 1.6113299176E+001
2.0000000000E+000 1.6116279654E+001
2.0166666667E+000 1.6119225930E+001
2.0333333333E+000 1.6122139170E+001
2.0500000000E+000 1.6125020514E+001
2.0666666667E+000 1.6127871075E+001
2.0833333333E+000 1.6130691939E+001
2.1000000000E+000 1.6133484169E+001
2.1166666667E+000 1.6136248799E+001
2.1333333333E+000 1.6138986839E+001
2.1500000000E+000 1.6141699274E+001
2.1666666667E+000 1.6144387061E+001
2.1833333333E+000 1.6147051137E+001
2.2000000000E+000 1.6149692408E+001
2.2166666667E+000 1.6152311761E+001
2.2333333333E+000 1.6154910056E+001
2.2500000000E+000 1.6157488128E+001
2.2666666667E+000 1.6160046792E+001
2.2833333333E+000 1.6162586835E+001
2.3000000000E+000 1.6165109025E+001
2.3166666667E+000 1.6167614106E+001
2.3333333333E+000 1.6170102798E+001
2.3500000000E+000 1.6172575801E+001
2.3666666667E+000 1.6175033794E+001
2.3833333333E+000 1.6177477431E+001
2.4000000000E+000 1.6179907350E+001
2.4166666667E+000 1.6182324166E+001
2.4333333333E+000 1.6184728473E+001
2.4500000000E+000 1.6187120846E+001
2.4666666667E+000 1.6189501842E+001
2.4833333333E+000 1.6191871998E+001
2.5000000000E+000 1.6194231832E+001
2.5166666667E+000 1.6196581844E+001
2.5333333333E+000 1.6198922516E+001
2.5500000000E+000 1.6201254314E+001
2.5666666667E+000 1.6203577685E+001
2.5833333333E+000 1.6205893062E+001
2.6000000000E+000 1.6208200858E+001
2.6166666667E+000 1.6210501474E+001
2.6333333333E+000 1.6212795292E+001
2.6500000000E+000 1.6215082682E+001
2.6666666667E+000 1.6217363998E+001
2.6833333333E+000 1.6219639579E+001
2.7000000000E+000 1.6221909751E+001
2.7166666667E+000 1.6224174826E+001
2.7333333333E+000 1.6226435103E+001
2.7500000000E+000 1.6228690867E+001
2.7666666667E+000 1.6230942393E+001
2.7833333333E+000 1.6233189940E+001
2.8000000000E+000 1.6235433759E+001
2.8166666667E+000 1.6237674088E+001
2.8333333333E+000 1.6239911153E+001
2.8500000000E+000 1.6242145170E+001
2.8666666667E+000 1.6244376344E+001
2.8833333333E+000 1.6246604871E+001
2.9000000000E+000 1.6248830936E+001
2.9166666667E+000 1.6251054714E+001
2.9333333333E+000 1.6253276373E+001
2.9500000000E+000 1.6255496069E+001
2.9666666667E+000 1.6257713952E+001
2.9833333333E+000 1.6259930162E+001
3.0000000000E+000 1.6262144831E+001
3.0166666667E+000 1.6264358084E+001
3.0333333333E+000 1.6266570038E+001
3.0500000000E+000 1.6268780802E+001
3.0666666667E+000 1.6270990479E+001
3.0833333333E+000 1.6273199165E+001
3.1000000000E+000 1.6275406949E+001
3.1166666667E+000 1.6277613914E+001
3.1333333333E+000 1.6279820137E+001
3.1500000000E+000 1.6282025688E+001
3.1666666667E+000 1.6284230634E+001
3.1833333333E+000 1.6286435034E+001
3.2000000000E+000 1.6288638942E+001
3.2166666667E+000 1.6290842409E+001
3.2333333333E+000 1.6293045480E+001
3.2500000000E+000 1.6295248195E+001
3.2666666667E+000 1.6297450590E+001
3.2833333333E+000 1.6299652696E+001
3.3000000000E+000 1.6301854542E+001
3.3166666667E+000 1.6304056151E+001
3.3333333333E+000 1.6306257543E+001
3.3500000000E+000 1.6308458735E+001
3.3666666667E+000 1.6310659740E+001
3.3833333333E+000 1.6312860569E+001
3.4000000000E+000 1.6315061227E+001
3.4166666667E+000 1.6317261720E+001
3.4333333333E+000 1.6319462048E+001
3.4500000000E+000 1.6321662209E+001
3.4666666667E+000 1.6323862201E+001
3.4833333333E+000 1.6326062017E+001
3.5000000000E+000 1.6328261648E+001
3.5166666667E+000 1.6330461083E+001
3.5333333333E+000 1.6332660310E+001
3.5500000000E+000 1.6334859315E+001
3.5666666667E+000 1.6337058080E+001
3.5833333333E+000 1.6339256588E+001
3.6000000000E+000 1.6341454819E+001
3.6166666667E+000 1.6343652752E+001
3.6333333333E+000 1.6345850364E+001
3.6500000000E+000 1.6348047631E+001
3.6666666667E+000 1.6350244529E+001
3.6833333333E+000 1.6352441030E+001
3.7000000000E+000 1.6354637109E+001
3.7166666667E+000 1.6356832735E+001
3.7333333333E+000 1.6359027881E+001
3.7500000000E+000 1.6361222516E+001
3.7666666667E+000 1.6363416610E+001
3.7833333333E+000 1.6365610131E+001
3.8000000000E+000 1.6367803046E+001
3.8166666667E+000 1.6369995324E+001
3.8333333333E+000 1.6372186931E+001
3.8500000000E+000 1.6374377833E+001
3.8666666667E+000 1.6376567996E+001
3.8833333333E+000 1.6378757387E+001
3.9000000000E+000 1.6380945970E+001
3.9166666667E+000 1.6383133710E+001
3.9333333333E+000 1.6385320573E+001
3.9500000000E+000 1.6387506522E+001
3.9666666667E+000 1.6389691523E+001
3.9833333333E+000 1.6391875541E+001
4.0000000000E+000 1.6394058538E+001
4.0166666667E+000 1.6396240481E+001
4.0333333333E+000 1.6398421333E+001
4.0500000000E+000 1.6400601059E+001
4.0666666667E+000 1.6402779624E+001
4.0833333333E+000 1.6404956992E+001
4.1000000000E+000 1.6407133128E+001
4.1166666667E+000 1.6409307997E+001
4.1333333333E+000 1.6411481565E+001
4.1500000000E+000 1.6413653796E+001
4.1666666667E+000 1.6415824657E+001
4.1833333333E+000 1.6417994114E+001
4.2000000000E+000 1.6420162132E+001
4.2166666667E+000 1.6422328678E+001
4.2333333333E+000 1.6424493719E+001
4.2500000000E+000 1.6426657222E+001
4.2666666667E+000 1.6428819154E+001
4.2833333333E+000 1.6430979484E+001
4.3000000000E+000 1.6433138180E+001
4.3166666667E+000 1.6435295209E+001
4.3333333333E+000 1.6437450542E+001
4.3500000000E+000 1.6439604147E+001
4.3666666667E+000 1.6441755994E+001
4.3833333333E+000 1.6443906054E+001
4.4000000000E+000 1.6446054296E+001
4.4166666667E+000 1.6448200693E+001
4.4333333333E+000 1.6450345215E+001
4.4500000000E+000 1.6452487834E+001
4.4666666667E+000 1.6454628523E+001
4.4833333333E+000 1.6456767255E+001
4.5000000000E+000 1.6458904002E+001
4.5166666667E+000 1.6461038738E+001
4.5333333333E+000 1.6463171439E+001
4.5500000000E+000 1.6465302077E+001
4.5666666667E+000 1.6467430629E+001
4.5833333333E+000 1.6469557070E+001
4.6000000000E+000 1.6471681376E+001
4.6166666667E+000 1.6473803523E+001
4.6333333333E+000 1.6475923488E+001
4.6500000000E+000 1.6478041249E+001
4.6666666667E+000 1.6480156784E+001
4.6833333333E+000 1.6482270070E+001
4.7000000000E+000 1.6484381088E+001
4.7166666667E+000 1.6486489815E+001
4.7333333333E+000 1.6488596232E+001
4.7500000000E+000 1.6490700319E+001
4.7666666667E+000 1.6492802056E+001
4.7833333333E+000 1.6494901424E+001
4.8000000000E+000 1.6496998405E+001
4.8166666667E+000 1.6499092981E+001
4.8333333333E+000 1.6501185135E+001
4.8500000000E+000 1.6503274848E+001
4.8666666667E+000 1.6505362104E+001
4.8833333333E+000 1.6507446887E+001
4.9000000000E+000 1.6509529181E+001
4.9166666667E+000 1.6511608970E+001
4.9333333333E+000 1.6513686239E+001
4.9500000000E+000 1.6515760974E+001
4.9666666667E+000 1.6517833159E+001
4.9833333333E+000 1.6519902782E+001
5.0000000000E+000 1.6521969828E+001
5.0166666667E+000 1.6524034285E+001
5.0333333333E+000 1.6526096140E+001
5.0500000000E+000 1.6528155379E+001
5.0666666667E+000 1.6530211992E+001
5.0833333333E+000 1.6532265967E+001
5.1000000000E+000 1.6534317291E+001
5.1166666667E+000 1.6536365955E+001
5.1333333333E+000 1.6538411947E+001
5.1500000000E+000 1.6540455258E+001
5.1666666667E+000 1.6542495877E+001
5.1833333333E+000 1.6544533795E+001
5.2000000000E+000 1.6546569003E+001
5.2166666667E+000 1.6548601491E+001
5.2333333333E+000 1.6550631250E+001
5.2500000000E+000 1.6552658274E+001
5.2666666667E+000 1.6554682552E+001
5.2833333333E+000 1.6556704079E+001
5.3000000000E+000 1.6558722846E+001
5.3166666667E+000 1.6560738846E+001
5.3333333333E+000 1.6562752072E+001
5.3500000000E+000 1.6564762517E+001
5.3666666667E+000 1.6566770176E+001
5.3833333333E+000 1.6568775042E+001
5.4000000000E+000 1.6570777110E+001
5.4166666667E+000 1.6572776373E+001
5.4333333333E+000 1.6574772827E+001
5.4500000000E+000 1.6576766467E+001
5.4666666667E+000 1.6578757287E+001
5.4833333333E+000 1.6580745283E+001
5.5000000000E+000 1.6582730450E+001
5.5166666667E+000 1.6584712785E+001
5.5333333333E+000 1.6586692284E+001
5.5500000000E+000 1.6588668943E+001
5.5666666667E+000 1.6590642758E+001
5.5833333333E+000 1.6592613727E+001
5.6000000000E+000 1.6594581845E+001
5.6166666667E+000 1.6596547111E+001
5.6333333333E+000 1.6598509521E+001
5.6500000000E+000 1.6600469073E+001
5.6666666667E+000 1.6602425765E+001
5.6833333333E+000 1.6604379594E+001
5.7000000000E+000 1.6606330559E+001
5.7166666667E+000 1.6608278658E+001
5.7333333333E+000 1.6610223889E+001
5.7500000000E+000 1.6612166250E+001
5.7666666667E+000 1.6614105741E+001
5.7833333333E+000 1.6616042360E+001
5.8000000000E+000 1.6617976107E+001
5.8166666667E+000 1.6619906979E+001
5.8333333333E+000 1.6621834978E+001
5.8500000000E+000 1.6623760101E+001
5.8666666667E+000 1.6625682349E+001
5.8833333333E+000 1.6627601721E+001
5.9000000000E+000 1.6629518218E+001
5.9166666667E+000 1.6631431838E+001
5.9333333333E+000 1.6633342583E+001
5.9500000000E+000 1.6635250452E+001
5.9666666667E+000 1.6637155446E+001
5.9833333333E+000 1.6639057565E+001
6.0000000000E+000 1.6640956809E+001
6.0166666667E+000 1.6642853180E+001
6.0333333333E+000 1.6644746677E+001
6.0500000000E+000 1.6646637303E+001
6.0666666667E+000 1.6648525057E+001
6.0833333333E+000 1.6650409941E+001
6.1000000000E+000 1.6652291956E+001
6.1166666667E+000 1.6654171103E+001
6.1333333333E+000 1.6656047383E+001
6.1500000000E+000 1.6657920798E+001
6.1666666667E+000 1.6659791350E+001
6.1833333333E+000 1.6661659039E+001
6.2000000000E+000 1.6663523868E+001
6.2166666667E+000 1.6665385838E+001
6.2333333333E+000 1.6667244950E+001
6.2500000000E+000 1.6669101208E+001
6.2666666667E+000 1.6670954612E+001
6.2833333333E+000 1.6672805165E+001
6.3000000000E+000 1.6674652868E+001
6.3166666667E+000 1.6676497724E+001
6.3333333333E+000 1.6678339735E+001
6.3500000000E+000 1.6680178903E+001
6.3666666667E+000 1.6682015231E+001
6.3833333333E+000 1.6683848720E+001
6.4000000000E+000 1.6685679373E+001
6.4166666667E+000 1.6687507193E+001
6.4333333333E+000 1.6689332182E+001
6.4500000000E+000 1.6691154342E+001
6.4666666667E+000 1.6692973677E+001
6.4833333333E+000 1.6694790187E+001
6.5000000000E+000 1.6696603878E+001
6.5166666667E+000 1.6698414750E+001
6.5333333333E+000 1.6700222807E+001
6.5500000000E+000 1.6702028052E+001
6.5666666667E+000 1.6703830486E+001
6.5833333333E+000 1.6705630114E+001
6.6000000000E+000 1.6707426938E+001
6.6166666667E+000 1.6709220961E+001
6.6333333333E+000 1.6711012186E+001
6.6500000000E+000 1.6712800615E+001
6.6666666667E+000 1.6714586252E+001
6.6833333333E+000 1.6716369101E+001
6.7000000000E+000 1.6718149163E+001
6.7166666667E+000 1.6719926441E+001
6.7333333333E+000 1.6721700940E+001
6.7500000000E+000 1.6723472662E+001
6.7666666667E+000 1.6725241611E+001
6.7833333333E+000 1.6727007788E+001
6.8000000000E+000 1.6728771199E+001
6.8166666667E+000 1.6730531845E+001
6.8333333333E+000 1.6732289730E+001
6.8500000000E+000 1.6734044858E+001
6.8666666667E+000 1.6735797231E+001
6.8833333333E+000 1.6737546853E+001
6.9000000000E+000 1.6739293727E+001
6.9166666667E+000 1.6741037856E+001
6.9333333333E+000 1.6742779244E+001
6.9500000000E+000 1.6744517894E+001
6.9666666667E+000 1.6746253809E+001
6.9833333333E+000 1.6747986993E+001
7.0000000000E+000 1.6749717449E+001
7.0166666667E+000 1.6751445181E+001
7.0333333333E+000 1.6753170191E+001
7.0500000000E+000 1.6754892483E+001
7.0666666667E+000 1.6756612061E+001
7.0833333333E+000 1.6758328928E+001
7.1000000000E+000 1.6760043088E+001
7.1166666667E+000 1.6761754543E+001
7.1333333333E+000 1.6763463297E+001
7.1500000000E+000 1.6765169354E+001
7.1666666667E+000 1.6766872717E+001
7.1833333333E+000 1.6768573390E+001
7.2000000000E+000 1.6770271376E+001
7.2166666667E+000 1.6771966678E+001
7.2333333333E+000 1.6773659300E+001
7.2500000000E+000 1.6775349245E+001
7.2666666667E+000 1.6777036517E+001
7.2833333333E+000 1.6778721120E+001
7.3000000000E+000 1.6780403056E+001
7.3166666667E+000 1.6782082329E+001
7.3333333333E+000 1.6783758943E+001
7.3500000000E+000 1.6785432901E+001
7.3666666667E+000 1.6787104207E+001
7.3833333333E+000 1.6788772864E+001
7.4000000000E+000 1.6790438875E+001
7.4166666667E+000 1.6792102244E+001
7.4333333333E+000 1.6793762975E+001
7.4500000000E+000 1.6795421071E+001
7.4666666667E+000 1.6797076536E+001
7.4833333333E+000 1.6798729372E+001
7.5000000000E+000 1.6800379584E+001
7.5166666667E+000 1.6802027174E+001
7.5333333333E+000 1.6803672147E+001
7.5500000000E+000 1.6805314506E+001
7.5666666667E+000 1.6806954254E+001
7.5833333333E+000 1.6808591395E+001
7.6000000000E+000 1.6810225933E+001
7.6166666667E+000 1.6811857869E+001
7.6333333333E+000 1.6813487209E+001
7.6500000000E+000 1.6815113956E+001
7.6666666667E+000 1.6816738113E+001
7.6833333333E+000 1.6818359683E+001
7.7000000000E+000 1.6819978671E+001
7.7166666667E+000 1.6821595079E+001
7.7333333333E+000 1.6823208911E+001
7.7500000000E+000 1.6824820170E+001
7.7666666667E+000 1.6826428860E+001
7.7833333333E+000 1.6828034984E+001
7.8000000000E+000 1.6829638546E+001
7.8166666667E+000 1.6831239550E+001
7.8333333333E+000 1.6832837997E+001
7.8500000000E+000 1.6834433893E+001
7.8666666667E+000 1.6836027241E+001
7.8833333333E+000 1.6837618043E+001
7.9000000000E+000 1.6839206303E+001
7.9166666667E+000 1.6840792026E+001
7.9333333333E+000 1.6842375213E+001
7.9500000000E+000 1.6843955869E+001
7.9666666667E+000 1.6845533997E+001
7.9833333333E+000 1.6847109601E+001
8.0000000000E+000 1.6848682683E+001
8.0166666667E+000 1.6850253248E+001
8.0333333333E+000 1.6851821298E+001
8.0500000000E+000 1.6853386837E+001
8.0666666667E+000 1.6854949869E+001
8.0833333333E+000 1.6856510396E+001
8.1000000000E+000 1.6858068423E+001
8.1166666667E+000 1.6859623952E+001
8.1333333333E+000 1.6861176988E+001
8.1500000000E+000 1.6862727532E+001
8.1666666667E+000 1.6864275590E+001
8.1833333333E+000 1.6865821163E+001
8.2000000000E+000 1.6867364256E+001
8.2166666667E+000 1.6868904872E+001
8.2333333333E+000 1.6870443014E+001
8.2500000000E+000 1.6871978686E+001
8.2666666667E+000 1.6873511891E+001
8.2833333333E+000 1.6875042632E+001
8.3000000000E+000 1.6876570913E+001
8.3166666667E+000 1.6878096736E+001
8.3333333333E+000 1.6879620106E+001
8.3500000000E+000 1.6881141026E+001
8.3666666667E+000 1.6882659499E+001
8.3833333333E+000 1.6884175528E+001
8.4000000000E+000 1.6885689117E+001
8.4166666667E+000 1.6887200269E+001
8.4333333333E+000 1.6888708988E+001
8.4500000000E+000 1.6890215276E+001
8.4666666667E+000 1.6891719138E+001
8.4833333333E+000 1.6893220575E+001
8.5000000000E+000 1.6894719593E+001
8.5166666667E+000 1.6896216193E+001
8.5333333333E+000 1.6897710380E+001
8.5500000000E+000 1.6899202156E+001
8.5666666667E+000 1.6900691526E+001
8.5833333333E+000 1.6902178492E+001
8.6000000000E+000 1.6903663057E+001
8.6166666667E+000 1.6905145225E+001
8.6333333333E+000 1.6906625000E+001
8.6500000000E+000 1.6908102384E+001
8.6666666667E+000 1.6909577381E+001
8.6833333333E+000 1.6911049993E+001
8.7000000000E+000 1.6912520226E+001
8.7166666667E+000 1.6913988081E+001
8.7333333333E+000 1.6915453562E+001
8.7500000000E+000 1.6916916672E+001
8.7666666667E+000 1.6918377415E+001
8.7833333333E+000 1.6919835793E+001
8.8000000000E+000 1.6921291811E+001
8.8166666667E+000 1.6922745471E+001
8.8333333333E+000 1.6924196777E+001
8.8500000000E+000 1.6925645732E+001
8.8666666667E+000 1.6927092339E+001
8.8833333333E+000 1.6928536601E+001
8.9000000000E+000 1.6929978523E+001
8.9166666667E+000 1.6931418106E+001
8.9333333333E+000 1.6932855354E+001
8.9500000000E+000 1.6934290272E+001
8.9666666667E+000 1.6935722861E+001
8.9833333333E+000 1.6937153125E+001
9.0000000000E+000 1.6938581067E+001
9.0166666667E+000 1.6940006691E+001
9.0333333333E+000 1.6941430000E+001
9.0500000000E+000 1.6942850997E+001
9.0666666667E+000 1.6944269686E+001
9.0833333333E+000 1.6945686069E+001
9.1000000000E+000 1.6947100149E+001
9.1166666667E+000 1.6948511931E+001
9.1333333333E+000 1.6949921418E+001
9.1500000000E+000 1.6951328612E+001
9.1666666667E+000 1.6952733517E+001
9.1833333333E+000 1.6954136136E+001
9.2000000000E+000 1.6955536472E+001
9.2166666667E+000 1.6956934529E+001
9.2333333333E+000 1.6958330310E+001
9.2500000000E+000 1.6959723818E+001
9.2666666667E+000 1.6961115056E+001
9.2833333333E+000 1.6962504027E+001
9.3000000000E+000 1.6963890736E+001
9.3166666667E+000 1.6965275184E+001
9.3333333333E+000 1.6966657376E+001
9.3500000000E+000 1.6968037314E+001
9.3666666667E+000 1.6969415002E+001
9.3833333333E+000 1.6970790442E+001
9.4000000000E+000 1.6972163639E+001
9.4166666667E+000 1.6973534595E+001
9.4333333333E+000 1.6974903314E+001
9.4500000000E+000 1.6976269799E+001
9.4666666667E+000 1.6977634052E+001
9.4833333333E+000 1.6978996078E+001
9.5000000000E+000 1.6980355879E+001
9.5166666667E+000 1.6981713459E+001
9.5333333333E+000 1.6983068821E+001
9.5500000000E+000 1.6984421968E+001
9.5666666667E+000 1.6985772903E+001
9.5833333333E+000 1.6987121630E+001
9.6000000000E+000 1.6988468152E+001
9.6166666667E+000 1.6989812471E+001
9.6333333333E+000 1.6991154592E+001
9.6500000000E+000 1.6992494517E+001
9.6666666667E+000 1.6993832250E+001
9.6833333333E+000 1.6995167793E+001
9.7000000000E+000 1.6996501151E+001
9.7166666667E+000 1.6997832325E+001
9.7333333333E+000 1.6999161320E+001
9.7500000000E+000 1.7000488139E+001
9.7666666667E+000 1.7001812784E+001
9.7833333333E+000 1.7003135259E+001
9.8000000000E+000 1.7004455568E+001
9.8166666667E+000 1.7005773713E+001
9.8333333333E+000 1.7007089697E+001
9.8500000000E+000 1.7008403525E+001
9.8666666667E+000 1.7009715198E+001
9.8833333333E+000 1.7011024720E+001
9.9000000000E+000 1.7012332095E+001
9.9166666667E+000 1.7013637325E+001
9.9333333333E+000 1.7014940414E+001
9.9500000000E+000 1.7016241365E+001
9.9666666667E+000 1.7017540181E+001
9.9833333333E+000 1.7018836865E+001
1.0000000000E+001 1.7020131420E+001
1.0016666667E+001 1.7021423851E+001
1.0033333333E+001 1.7022714159E+001
1.0050000000E+001 1.7024002348E+001
1.0066666667E+001 1.7025288421E+001
1.0083333333E+001 1.7026572382E+001
1.0100000000E+001 1.7027854233E+001
1.0116666667E+001 1.7029133977E+001
1.0133333333E+001 1.7030411619E+001
1.0150000000E+001 1.7031687160E+001
1.0166666667E+001 1.7032960605E+001
1.0183333333E+001 1.7034231956E+001
1.0200000000E+001 1.7035501217E+001
1.0216666667E+001 1.7036768390E+001
1.0233333333E+001 1.7038033480E+001
1.0250000000E+001 1.7039296488E+001
1.0266666667E+001 1.7040557418E+001
1.0283333333E+001 1.7041816274E+001
1.0300000000E+001 1.7043073058E+001
1.0316666667E+001 1.7044327774E+001
1.0333333333E+001 1.7045580425E+001
1.0350000000E+001 1.7046831014E+001
1.0366666667E+001 1.7048079543E+001
1.0383333333E+001 1.7049326017E+001
1.0400000000E+001 1.7050570439E+001
1.0416666667E+001 1.7051812811E+001
1.0433333333E+001 1.7053053137E+001
1.0450000000E+001 1.7054291419E+001
1.0466666667E+001 1.7055527662E+001
1.0483333333E+001 1.7056761867E+001
1.0500000000E+001 1.7057994039E+001
1.0516666667E+001 1.7059224180E+001
1.0533333333E+001 1.7060452294E+001
1.0550000000E+001 1.7061678384E+001
1.0566666667E+001 1.7062902452E+001
1.0583333333E+001 1.7064124502E+001
1.0600000000E+001 1.7065344537E+001
1.0616666667E+001 1.7066562561E+001
1.0633333333E+001 1.7067778575E+001
1.0650000000E+001 1.7068992585E+001
1.0666666667E+001 1.7070204591E+001
1.0683333333E+001 1.7071414599E+001
1.0700000000E+001 1.7072622610E+001
1.0716666667E+001 1.7073828628E+001
1.0733333333E+001 1.7075032656E+001
1.0750000000E+001 1.7076234697E+001
1.0766666667E+001 1.7077434754E+001
1.0783333333E+001 1.7078632831E+001
1.0800000000E+001 1.7079828930E+001
1.0816666667E+001 1.7081023055E+001
1.0833333333E+001 1.7082215208E+001
1.0850000000E+001 1.7083405393E+001
1.0866666667E+001 1.7084593613E+001
1.0883333333E+001 1.7085779871E+001
1.0900000000E+001 1.7086964170E+001
1.0916666667E+001 1.7088146513E+001
1.0933333333E+001 1.7089326904E+001
1.0950000000E+001 1.7090505344E+001
1.0966666667E+001 1.7091681838E+001
1.0983333333E+001 1.7092856388E+001
1.1000000000E+001 1.7094028998E+001
1.1016666667E+001 1.7095199671E+001
1.1033333333E+001 1.7096368409E+001
1.1050000000E+001 1.7097535216E+001
1.1066666667E+001 1.7098700095E+001
1.1083333333E+001 1.7099863049E+001
1.1100000000E+001 1.7101024080E+001
1.1116666667E+001 1.7102183193E+001
1.1133333333E+001 1.7103340390E+001
1.1150000000E+001 1.7104495674E+001
1.1166666667E+001 1.7105649048E+001
1.1183333333E+001 1.7106800516E+001
1.1200000000E+001 1.7107950080E+001
1.1216666667E+001 1.7109097743E+001
1.1233333333E+001 1.7110243508E+001
1.1250000000E+001 1.7111387379E+001
1.1266666667E+001 1.7112529359E+001
1.1283333333E+001 1.7113669450E+001
1.1300000000E+001 1.7114807656E+001
1.1316666667E+001 1.7115943979E+001
1.1333333333E+001 1.7117078423E+001
1.1350000000E+001 1.7118210990E+001
1.1366666667E+001 1.7119341685E+001
1.1383333333E+001 1.7120470509E+001
1.1400000000E+001 1.7121597465E+001
1.1416666667E+001 1.7122722558E+001
1.1433333333E+001 1.7123845789E+001
1.1450000000E+001 1.7124967162E+001
1.1466666667E+001 1.7126086680E+001
1.1483333333E+001 1.7127204345E+001
1.1500000000E+001 1.7128320162E+001
1.1516666667E+001 1.7129434132E+001
1.1533333333E+001 1.7130546259E+001
1.1550000000E+001 1.7131656546E+001
1.1566666667E+001 1.7132764995E+001
1.1583333333E+001 1.7133871611E+001
1.1600000000E+001 1.7134976395E+001
1.1616666667E+001 1.7136079351E+001
1.1633333333E+001 1.7137180481E+001
1.1650000000E+001 1.7138279790E+001
1.1666666667E+001 1.7139377279E+001
1.1683333333E+001 1.7140472951E+001
1.1700000000E+001 1.7141566811E+001
1.1716666667E+001 1.7142658859E+001
1.1733333333E+001 1.7143749101E+001
1.1750000000E+001 1.7144837538E+001
1.1766666667E+001 1.7145924173E+001
1.1783333333E+001 1.7147009010E+001
1.1800000000E+001 1.7148092051E+001
1.1816666667E+001 1.7149173300E+001
1.1833333333E+001 1.7150252758E+001
1.1850000000E+001 1.7151330430E+001
1.1866666667E+001 1.7152406318E+001
1.1883333333E+001 1.7153480426E+001
1.1900000000E+001 1.7154552755E+001
1.1916666667E+001 1.7155623309E+001
1.1933333333E+001 1.7156692091E+001
1.1950000000E+001 1.7157759104E+001
1.1966666667E+001 1.7158824350E+001
1.1983333333E+001 1.7159887834E+001
1.2000000000E+001 1.7160949556E+001
1.2016666667E+001 1.7162009521E+001
1.2033333333E+001 1.7163067732E+001
1.2050000000E+001 1.7164124191E+001
1.2066666667E+001 1.7165178900E+001
1.2083333333E+001 1.7166231864E+001
1.2100000000E+001 1.7167283085E+001
1.2116666667E+001 1.7168332566E+001
1.2133333333E+001 1.7169380309E+001
1.2150000000E+001 1.7170426318E+001
1.2166666667E+001 1.7171470596E+001
1.2183333333E+001 1.7172513145E+001
1.2200000000E+001 1.7173553968E+001
1.2216666667E+001 1.7174593068E+001
1.2233333333E+001 1.7175630448E+001
1.2250000000E+001 1.7176666111E+001
1.2266666667E+001 1.7177700060E+001
1.2283333333E+001 1.7178732297E+001
1.2300000000E+001 1.7179762825E+001
1.2316666667E+001 1.7180791648E+001
1.2333333333E+001 1.7181818768E+001
1.2350000000E+001 1.7182844188E+001
1.2366666667E+001 1.7183867910E+001
1.2383333333E+001 1.7184889938E+001
1.2400000000E+001 1.7185910275E+001
1.2416666667E+001 1.7186928923E+001
1.2433333333E+001 1.7187945884E+001
1.2450000000E+001 1.7188961163E+001
1.2466666667E+001 1.7189974762E+001
1.2483333333E+001 1.7190986683E+001
1.2500000000E+001 1.7191996929E+001
1.2516666667E+001 1.7193005503E+001
1.2533333333E+001 1.7194012408E+001
1.2550000000E+001 1.7195017648E+001
1.2566666667E+001 1.7196021223E+001
1.2583333333E+001 1.7197023138E+001
1.2600000000E+001 1.7198023395E+001
1.2616666667E+001 1.7199021997E+001
1.2633333333E+001 1.7200018946E+001
1.2650000000E+001 1.7201014246E+001
1.2666666667E+001 1.7202007899E+001
1.2683333333E+001 1.7202999908E+001
1.2700000000E+001 1.7203990276E+001
1.2716666667E+001 1.7204979006E+001
1.2733333333E+001 1.7205966099E+001
1.2750000000E+001 1.7206951560E+001
1.2766666667E+001 1.7207935390E+001
1.2783333333E+001 1.7208917593E+001
1.2800000000E+001 1.7209898171E+001
1.2816666667E+001 1.7210877127E+001
1.2833333333E+001 1.7211854464E+001
1.2850000000E+001 1.7212830184E+001
1.2866666667E+001 1.7213804291E+001
1.2883333333E+001 1.7214776786E+001
1.2900000000E+001 1.7215747673E+001
1.2916666667E+001 1.7216716954E+001
1.2933333333E+001 1.7217684632E+001
1.2950000000E+001 1.7218650710E+001
1.2966666667E+001 1.7219615191E+001
1.2983333333E+001 1.7220578076E+001
1.3000000000E+001 1.7221539370E+001
1.3016666667E+001 1.7222499074E+001
1.3033333333E+001 1.7223457191E+001
1.3050000000E+001 1.7224413724E+001
1.3066666667E+001 1.7225368676E+001
1.3083333333E+001 1.7226322049E+001
1.3100000000E+001 1.7227273846E+001
1.3116666667E+001 1.7228224069E+001
1.3133333333E+001 1.7229172722E+001
1.3150000000E+001 1.7230119807E+001
1.3166666667E+001 1.7231065326E+001
1.3183333333E+001 1.7232009282E+001
1.3200000000E+001 1.7232951679E+001
1.3216666667E+001 1.7233892518E+001
1.3233333333E+001 1.7234831802E+001
1.3250000000E+001 1.7235769534E+001
1.3266666667E+001 1.7236705716E+001
1.3283333333E+001 1.7237640352E+001
1.3300000000E+001 1.7238573443E+001
1.3316666667E+001 1.7239504992E+001
1.3333333333E+001 1.7240435003E+001
1.3350000000E+001 1.7241363477E+001
1.3366666667E+001 1.7242290417E+001
1.3383333333E+001 1.7243215826E+001
1.3400000000E+001 1.7244139706E+001
1.3416666667E+001 1.7245062060E+001
1.3433333333E+001 1.7245982891E+001
1.3450000000E+001 1.7246902201E+001
1.3466666667E+001 1.7247819993E+001
1.3483333333E+001 1.7248736269E+001
1.3500000000E+001 1.7249651031E+001
1.3516666667E+001 1.7250564284E+001
1.3533333333E+001 1.7251476028E+001
1.3550000000E+001 1.7252386267E+001
1.3566666667E+001 1.7253295003E+001
1.3583333333E+001 1.7254202239E+001
1.3600000000E+001 1.7255107978E+001
1.3616666667E+001 1.7256012221E+001
1.3633333333E+001 1.7256914971E+001
1.3650000000E+001 1.7257816231E+001
1.3666666667E+001 1.7258716004E+001
1.3683333333E+001 1.7259614292E+001
1.3700000000E+001 1.7260511097E+001
1.3716666667E+001 1.7261406422E+001
1.3733333333E+001 1.7262300270E+001
1.3750000000E+001 1.7263192643E+001
1.3766666667E+001 1.7264083544E+001
1.3783333333E+001 1.7264972974E+001
1.3800000000E+001 1.7265860938E+001
1.3816666667E+001 1.7266747436E+001
1.3833333333E+001 1.7267632472E+001
1.3850000000E+001 1.7268516048E+001
1.3866666667E+001 1.7269398167E+001
1.3883333333E+001 1.7270278831E+001
1.3900000000E+001 1.7271158042E+001
1.3916666667E+001 1.7272035804E+001
1.3933333333E+001 1.7272912118E+001
1.3950000000E+001 1.7273786987E+001
1.3966666667E+001 1.7274660413E+001
1.3983333333E+001 1.7275532399E+001
1.4000000000E+001 1.7276402948E+001
1.4016666667E+001 1.7277272062E+001
1.4033333333E+001 1.7278139743E+001
1.4050000000E+001 1.7279005993E+001
1.4066666667E+001 1.7279870816E+001
1.4083333333E+001 1.7280734213E+001
1.4100000000E+001 1.7281596188E+001
1.4116666667E+001 1.7282456742E+001
1.4133333333E+001 1.7283315877E+001
1.4150000000E+001 1.7284173598E+001
1.4166666667E+001 1.7285029904E+001
1.4183333333E+001 1.7285884800E+001
1.4200000000E+001 1.7286738288E+001
1.4216666667E+001 1.7287590370E+001
1.4233333333E+001 1.7288441048E+001
1.4250000000E+001 1.7289290324E+001
1.4266666667E+001 1.7290138202E+001
1.4283333333E+001 1.7290984684E+001
1.4300000000E+001 1.7291829771E+001
1.4316666667E+001 1.7292673467E+001
1.4333333333E+001 1.7293515773E+001
1.4350000000E+001 1.7294356693E+001
1.4366666667E+001 1.7295196228E+001
1.4383333333E+001 1.7296034380E+001
1.4400000000E+001 1.7296871153E+001
1.4416666667E+001 1.7297706549E+001
1.4433333333E+001 1.7298540569E+001
1.4450000000E+001 1.7299373217E+001
1.4466666667E+001 1.7300204494E+001
1.4483333333E+001 1.7301034403E+001
1.4500000000E+001 1.7301862947E+001
1.4516666667E+001 1.7302690127E+001
1.4533333333E+001 1.7303515946E+001
1.4550000000E+001 1.7304340406E+001
1.4566666667E+001 1.7305163510E+001
1.4583333333E+001 1.7305985260E+001
1.4600000000E+001 1.7306805658E+001
1.4616666667E+001 1.7307624706E+001
1.4633333333E+001 1.7308442408E+001
1.4650000000E+001 1.7309258764E+001
1.4666666667E+001 1.7310073779E+001
1.4683333333E+001 1.7310887452E+001
1.4700000000E+001 1.7311699788E+001
1.4716666667E+001 1.7312510788E+001
1.4733333333E+001 1.7313320455E+001
1.4750000000E+001 1.7314128791E+001
1.4766666667E+001 1.7314935797E+001
1.4783333333E+001 1.7315741478E+001
1.4800000000E+001 1.7316545834E+001
1.4816666667E+001 1.7317348868E+001
1.4833333333E+001 1.7318150582E+001
1.4850000000E+001 1.7318950979E+001
1.4866666667E+001 1.7319750060E+001
1.4883333333E+001 1.7320547828E+001
1.4900000000E+001 1.7321344286E+001
1.4916666667E+001 1.7322139435E+001
1.4933333333E+001 1.7322933278E+001
1.4950000000E+001 1.7323725817E+001
1.4966666667E+001 1.7324517054E+001
1.4983333333E+001 1.7325306991E+001
1.5000000000E+001 1.7326095631E+001
1.5016666667E+001 1.7326882976E+001
1.5033333333E+001 1.7327669028E+001
1.5050000000E+001 1.7328453789E+001
1.5066666667E+001 1.7329237262E+001
1.5083333333E+001 1.7330019449E+001
1.5100000000E+001 1.7330800351E+001
1.5116666667E+001 1.7331579971E+001
1.5133333333E+001 1.7332358312E+001
1.5150000000E+001 1.7333135375E+001
1.5166666667E+001 1.7333911163E+001
1.5183333333E+001 1.7334685678E+001
1.5200000000E+001 1.7335458921E+001
1.5216666667E+001 1.7336230896E+001
1.5233333333E+001 1.7337001604E+001
1.5250000000E+001 1.7337771048E+001
1.5266666667E+001 1.7338539229E+001
1.5283333333E+001 1.7339306150E+001
1.5300000000E+001 1.7340071813E+001
1.5316666667E+001 1.7340836220E+001
1.5333333333E+001 1.7341599374E+001
1.5350000000E+001 1.7342361276E+001
1.5366666667E+001 1.7343121929E+001
1.5383333333E+001 1.7343881334E+001
1.5400000000E+001 1.7344639494E+001
1.5416666667E+001 1.7345396411E+001
1.5433333333E+001 1.7346152087E+001
1.5450000000E+001 1.7346906524E+001
1.5466666667E+001 1.7347659725E+001
1.5483333333E+001 1.7348411691E+001
1.5500000000E+001 1.7349162424E+001
1.5516666667E+001 1.7349911928E+001
1.5533333333E+001 1.7350660202E+001
1.5550000000E+001 1.7351407251E+001
1.5566666667E+001 1.7352153076E+001
1.5583333333E+001 1.7352897679E+001
1.5600000000E+001 1.7353641062E+001
1.5616666667E+001 1.7354383227E+001
1.5633333333E+001 1.7355124176E+001
1.5650000000E+001 1.7355863912E+001
1.5666666667E+001 1.7356602436E+001
1.5683333333E+001 1.7357339751E+001
1.5700000000E+001 1.7358075858E+001
1.5716666667E+001 1.7358810760E+001
1.5733333333E+001 1.7359544458E+001
1.5750000000E+001 1.7360276955E+001
1.5766666667E+001 1.7361008253E+001
1.5783333333E+001 1.7361948641E+001
1.5800000000E+001 1.7363061302E+001
1.5816666667E+001 1.7364163972E+001
1.5833333333E+001 1.7365266151E+001
1.5850000000E+001 1.7366367809E+001
1.5866666667E+001 1.7367468913E+001
1.5883333333E+001 1.7368569432E+001
1.5900000000E+001 1.7369669339E+001
1.5916666667E+001 1.7370768603E+001
1.5933333333E+001 1.7371867197E+001
1.5950000000E+001 1.7372934762E+001
1.5966666667E+001 1.7373982770E+001
1.5983333333E+001 1.7375033436E+001
1.6000000000E+001 1.7376086683E+001
1.6016666667E+001 1.7377142434E+001
1.6033333333E+001 1.7378200617E+001
1.6050000000E+001 1.7379261158E+001
1.6066666667E+001 1.7380323988E+001
1.6083333333E+001 1.7381389036E+001
1.6100000000E+001 1.7382456236E+001
1.6116666667E+001 1.7383525521E+001
1.6133333333E+001 1.7384596825E+001
1.6150000000E+001 1.7385670087E+001
1.6166666667E+001 1.7386745244E+001
1.6183333333E+001 1.7387822235E+001
1.6200000000E+001 1.7388901001E+001
1.6216666667E+001 1.7389981485E+001
1.6233333333E+001 1.7391063629E+001
1.6250000000E+001 1.7392147378E+001
1.6266666667E+001 1.7393232678E+001
1.6283333333E+001 1.7394319476E+001
1.6300000000E+001 1.7395407720E+001
1.6316666667E+001 1.7396497359E+001
1.6333333333E+001 1.7397588344E+001
1.6350000000E+001 1.7398680626E+001
1.6366666667E+001 1.7399774158E+001
1.6383333333E+001 1.7400868892E+001
1.6400000000E+001 1.7401964784E+001
1.6416666667E+001 1.7403061790E+001
1.6433333333E+001 1.7404159865E+001
1.6450000000E+001 1.7405258968E+001
1.6466666667E+001 1.7406359056E+001
1.6483333333E+001 1.7407460090E+001
1.6500000000E+001 1.7408562029E+001
1.6516666667E+001 1.7409664834E+001
1.6533333333E+001 1.7410768467E+001
1.6550000000E+001 1.7411872891E+001
1.6566666667E+001 1.7412978070E+001
1.6583333333E+001 1.7414083968E+001
1.6600000000E+001 1.7415190550E+001
1.6616666667E+001 1.7416297783E+001
1.6633333333E+001 1.7417405632E+001
1.6650000000E+001 1.7418514065E+001
1.6666666667E+001 1.7419623050E+001
1.6683333333E+001 1.7420732557E+001
1.6700000000E+001 1.7421842554E+001
1.6716666667E+001 1.7422953012E+001
1.6733333333E+001 1.7424063901E+001
1.6750000000E+001 1.7425175194E+001
1.6766666667E+001 1.7426286862E+001
1.6783333333E+001 1.7427398877E+001
1.6800000000E+001 1.7428511213E+001
1.6816666667E+001 1.7429623845E+001
1.6833333333E+001 1.7430736746E+001
1.6850000000E+001 1.7431849891E+001
1.6866666667E+001 1.7432963257E+001
1.6883333333E+001 1.7434076818E+001
1.6900000000E+001 1.7435190552E+001
1.6916666667E+001 1.7436304436E+001
1.6933333333E+001 1.7437418448E+001
1.6950000000E+001 1.7438532565E+001
1.6966666667E+001 1.7439646767E+001
1.6983333333E+001 1.7440761032E+001
1.7000000000E+001 1.7441875340E+001
1.7016666667E+001 1.7442989671E+001
1.7033333333E+001 1.7444104005E+001
1.7050000000E+001 1.7445218324E+001
1.7066666667E+001 1.7446332608E+001
1.7083333333E+001 1.7447446839E+001
1.7100000000E+001 1.7448561000E+001
1.7116666667E+001 1.7449675072E+001
1.7133333333E+001 1.7450789040E+001
1.7150000000E+001 1.7451902885E+001
1.7166666667E+001 1.7453016592E+001
1.7183333333E+001 1.7454130145E+001
1.7200000000E+001 1.7455243528E+001
1.7216666667E+001 1.7456356726E+001
1.7233333333E+001 1.7457469724E+001
1.7250000000E+001 1.7458582507E+001
1.7266666667E+001 1.7459695061E+001
1.7283333333E+001 1.7460807372E+001
1.7300000000E+001 1.7461919427E+001
1.7316666667E+001 1.7463031211E+001
1.7333333333E+001 1.7464142713E+001
1.7350000000E+001 1.7465253918E+001
1.7366666667E+001 1.7466364816E+001
1.7383333333E+001 1.7467475393E+001
1.7400000000E+001 1.7468585638E+001
1.7416666667E+001 1.7469695539E+001
1.7433333333E+001 1.7470805084E+001
1.7450000000E+001 1.7471914263E+001
1.7466666667E+001 1.7473023065E+001
1.7483333333E+001 1.7474131478E+001
1.7500000000E+001 1.7475239493E+001
1.7516666667E+001 1.7476347100E+001
1.7533333333E+001 1.7477454288E+001
1.7550000000E+001 1.7478561048E+001
1.7566666667E+001 1.7479667371E+001
1.7583333333E+001 1.7480773246E+001
1.7600000000E+001 1.7481878666E+001
1.7616666667E+001 1.7482983620E+001
1.7633333333E+001 1.7484088102E+001
1.7650000000E+001 1.7485192101E+001
1.7666666667E+001 1.7486295610E+001
1.7683333333E+001 1.7487398622E+001
1.7700000000E+001 1.7488501127E+001
1.7716666667E+001 1.7489603118E+001
1.7733333333E+001 1.7490704588E+001
1.7750000000E+001 1.7491805530E+001
1.7766666667E+001 1.7492905935E+001
1.7783333333E+001 1.7494005798E+001
1.7800000000E+001 1.7495105112E+001
1.7816666667E+001 1.7496203869E+001
1.7833333333E+001 1.7497302063E+001
1.7850000000E+001 1.7498399688E+001
1.7866666667E+001 1.7499496738E+001
1.7883333333E+001 1.7500593206E+001
1.7900000000E+001 1.7501689087E+001
1.7916666667E+001 1.7502784375E+001
1.7933333333E+001 1.7503879064E+001
1.7950000000E+001 1.7504973148E+001
1.7966666667E+001 1.7506066623E+001
1.7983333333E+001 1.7507159483E+001
1.8000000000E+001 1.7508251722E+001
1.8016666667E+001 1.7509343337E+001
1.8033333333E+001 1.7510434321E+001
1.8050000000E+001 1.7511524671E+001
1.8066666667E+001 1.7512614381E+001
1.8083333333E+001 1.7513703447E+001
1.8100000000E+001 1.7514791865E+001
1.8116666667E+001 1.7515879630E+001
1.8133333333E+001 1.7516966739E+001
1.8150000000E+001 1.7518053186E+001
1.8166666667E+001 1.7519138968E+001
1.8183333333E+001 1.7520224081E+001
1.8200000000E+001 1.7521308521E+001
1.8216666667E+001 1.7522392285E+001
1.8233333333E+001 1.7523475369E+001
1.8250000000E+001 1.7524557768E+001
1.8266666667E+001 1.7525639481E+001
1.8283333333E+001 1.7526720504E+001
1.8300000000E+001 1.7527800832E+001
1.8316666667E+001 1.7528880464E+001
1.8333333333E+001 1.7529959396E+001
1.8350000000E+001 1.7531037624E+001
1.8366666667E+001 1.7532115147E+001
1.8383333333E+001 1.7533191961E+001
1.8400000000E+001 1.7534268063E+001
1.8416666667E+001 1.7535343450E+001
1.8433333333E+001 1.7536418121E+001
1.8450000000E+001 1.7537492071E+001
1.8466666667E+001 1.7538565300E+001
1.8483333333E+001 1.7539637804E+001
1.8500000000E+001 1.7540709581E+001
1.8516666667E+001 1.7541780628E+001
1.8533333333E+001 1.7542850945E+001
1.8550000000E+001 1.7543920528E+001
1.8566666667E+001 1.7544989374E+001
1.8583333333E+001 1.7546057483E+001
1.8600000000E+001 1.7547124853E+001
1.8616666667E+001 1.7548191480E+001
1.8633333333E+001 1.7549257363E+001
1.8650000000E+001 1.7550322501E+001
1.8666666667E+001 1.7551386891E+001
1.8683333333E+001 1.7552450533E+001
1.8700000000E+001 1.7553513423E+001
1.8716666667E+001 1.7554575561E+001
1.8733333333E+001 1.7555636945E+001
1.8750000000E+001 1.7556697573E+001
1.8766666667E+001 1.7557757444E+001
1.8783333333E+001 1.7558816557E+001
1.8800000000E+001 1.7559874910E+001
1.8816666667E+001 1.7560932501E+001
1.8833333333E+001 1.7561989330E+001
1.8850000000E+001 1.7563045395E+001
1.8866666667E+001 1.7564100694E+001
1.8883333333E+001 1.7565155228E+001
1.8900000000E+001 1.7566208994E+001
1.8916666667E+001 1.7567261991E+001
1.8933333333E+001 1.7568314218E+001
1.8950000000E+001 1.7569365675E+001
1.8966666667E+001 1.7570416360E+001
1.8983333333E+001 1.7571466273E+001
1.9000000000E+001 1.7572515411E+001
1.9016666667E+001 1.7573563775E+001
1.9033333333E+001 1.7574611364E+001
1.9050000000E+001 1.7575658177E+001
1.9066666667E+001 1.7576704212E+001
1.9083333333E+001 1.7577749470E+001
1.9100000000E+001 1.7578793949E+001
1.9116666667E+001 1.7579837648E+001
1.9133333333E+001 1.7580880568E+001
1.9150000000E+001 1.7581922707E+001
1.9166666667E+001 1.7582964065E+001
1.9183333333E+001 1.7584004641E+001
1.9200000000E+001 1.7585044434E+001
1.9216666667E+001 1.7586083444E+001
1.9233333333E+001 1.7587121671E+001
1.9250000000E+001 1.7588159114E+001
1.9266666667E+001 1.7589195772E+001
1.9283333333E+001 1.7590231645E+001
1.9300000000E+001 1.7591266733E+001
1.9316666667E+001 1.7592301034E+001
1.9333333333E+001 1.7593334550E+001
1.9350000000E+001 1.7594367279E+001
1.9366666667E+001 1.7595399221E+001
1.9383333333E+001 1.7596430376E+001
1.9400000000E+001 1.7597460743E+001
1.9416666667E+001 1.7598490322E+001
1.9433333333E+001 1.7599519114E+001
1.9450000000E+001 1.7600547117E+001
1.9466666667E+001 1.7601574332E+001
1.9483333333E+001 1.7602600759E+001
1.9500000000E+001 1.7603626396E+001
1.9516666667E+001 1.7604651244E+001
1.9533333333E+001 1.7605675303E+001
1.9550000000E+001 1.7606698573E+001
1.9566666667E+001 1.7607721053E+001
1.9583333333E+001 1.7608742744E+001
1.9600000000E+001 1.7609763645E+001
1.9616666667E+001 1.7610783756E+001
1.9633333333E+001 1.7611803077E+001
1.9650000000E+001 1.7612821609E+001
1.9666666667E+001 1.7613839350E+001
1.9683333333E+001 1.7614856302E+001
1.9700000000E+001 1.7615872464E+001
1.9716666667E+001 1.7616887836E+001
1.9733333333E+001 1.7617902418E+001
1.9750000000E+001 1.7618916210E+001
1.9766666667E+001 1.7619929213E+001
1.9783333333E+001 1.7620941426E+001
1.9800000000E+001 1.7621952849E+001
1.9816666667E+001 1.7622963483E+001
1.9833333333E+001 1.7623973327E+001
1.9850000000E+001 1.7624982382E+001
1.9866666667E+001 1.7625990647E+001
1.9883333333E+001 1.7626998124E+001
1.9900000000E+001 1.7628004811E+001
1.9916666667E+001 1.7629010709E+001
1.9933333333E+001 1.7630015819E+001
1.9950000000E+001 1.7631020141E+001
1.9966666667E+001 1.7632023674E+001
1.9983333333E+001 1.7633026419E+001
2.0000000000E+001 1.7634028376E+001
