0.0000000000E+000 0.0000000000E+000
1.6666666667E-002 1.9062648423E-001
3.3333333333E-002 0.0000000000E+000
5.0000000000E-002 0.0000000000E+000
6.6666666667E-002 0.0000000000E+000
8.3333333333E-002 0.0000000000E+000
1.0000000000E-001 0.0000000000E+000
1.1666666667E-001 0.0000000000E+000
1.3333333333E-001 0.0000000000E+000
1.5000000000E-001 0.0000000000E+000
1.6666666667E-001 0.0000000000E+000
1.8333333333E-001 0.0000000000E+000
2.0000000000E-001 3.3789241078E-001
2.1666666667E-001 1.4100407330E+000
2.3333333333E-001 2.3988396839E+000
2.5000000000E-001 3.3138370521E+000
2.6666666667E-001 4.1632351895E+000
2.8333333333E-001 4.9540537460E+000
3.0000000000E-001 5.6923395171E+000
3.1666666667E-001 6.3833326612E+000
3.3333333333E-001 7.0315995724E+000
3.5000000000E-001 7.6411400081E+000
3.6666666667E-001 8.2154741468E+000
3.8333333333E-001 8.7577138612E+000
4.0000000000E-001 9.2708488558E+000
4.1666666667E-001 9.7576025635E+000
4.3333333333E-001 1.0220283324E+001
4.5000000000E-001 1.0660869756E+001
4.6666666667E-001 1.1081089556E+001
4.8333333333E-001 1.1482471203E+001
5.0000000000E-001 1.1866379765E+001
5.1666666667E-001 1.2234042506E+001
5.3333333333E-001 1.2586555489E+001
5.5000000000E-001 1.2924916877E+001
5.6666666667E-001 1.3250038250E+001
5.8333333333E-001 1.3562755960E+001
6.0000000000E-001 1.3863838179E+001
6.1666666667E-001 1.4153991148E+001
6.3333333333E-001 1.4433865051E+001
6.5000000000E-001 1.4704063927E+001
6.6666666667E-001 1.4965198729E+001
6.8333333333E-001 1.5217854569E+001
7.0000000000E-001 1.5462569244E+001
7.1666666667E-001 1.5699839833E+001
7.3333333333E-001 1.5930127365E+001
7.5000000000E-001 1.6153860222E+001
7.6666666667E-001 1.6371437086E+001
7.8333333333E-001 1.6583229519E+001
8.0000000000E-001 1.6789584260E+001
8.1666666667E-001 1.6990825264E+001
8.3333333333E-001 1.7187255533E+001
8.5000000000E-001 1.7379158766E+001
8.6666666667E-001 1.7566800840E+001
8.8333333333E-001 1.7750431160E+001
9.0000000000E-001 1.7930283873E+001
9.1666666667E-001 1.8106578987E+001
9.3333333333E-001 1.8279523373E+001
9.5000000000E-001 1.8449311696E+001
9.6666666667E-001 1.8616127257E+001
9.8333333333E-001 1.8780142769E+001
1.0000000000E+000 1.8941521066E+001
1.0166666667E+000 1.9100415760E+001
1.0333333333E+000 1.9256971837E+001
1.0500000000E+000 1.9411326220E+001
1.0666666667E+000 1.9563608271E+001
1.0833333333E+000 1.9713940272E+001
1.1000000000E+000 1.9862437860E+001
1.1166666667E+000 2.0009210431E+001
1.1333333333E+000 2.0154361517E+001
1.1500000000E+000 2.0297989138E+001
1.1666666667E+000 2.0440186119E+001
1.1833333333E+000 2.0581040401E+001
1.2000000000E+000 2.0720635313E+001
1.2166666667E+000 2.0859049840E+001
1.2333333333E+000 2.0996358863E+001
1.2500000000E+000 2.1132633389E+001
1.2666666667E+000 2.1267940765E+001
1.2833333333E+000 2.1402344872E+001
1.3000000000E+000 2.1535906317E+001
1.3166666667E+000 2.1668682604E+001
1.3333333333E+000 2.1800728300E+001
1.3500000000E+000 2.1932095186E+001
1.3666666667E+000 2.2062832401E+001
1.3833333333E+000 2.2192986581E+001
1.4000000000E+000 2.2322601979E+001
1.4166666667E+000 2.2451720593E+001
1.4333333333E+000 2.2580382272E+001
1.4500000000E+000 2.2708624826E+001
1.4666666667E+000 2.2836484124E+001
1.4833333333E+000 2.2963994190E+001
1.5000000000E+000 2.3091187287E+001
1.5166666667E+000 2.3218094011E+001
1.5333333333E+000 2.3344743358E+001
1.5500000000E+000 2.3471162811E+001
1.5666666667E+000 2.3597378401E+001
1.5833333333E+000 2.3723414781E+001
1.6000000000E+000 2.3849295288E+001
1.6166666667E+000 2.3975042001E+001
1.6333333333E+000 2.4100675802E+001
1.6500000000E+000 2.4226216427E+001
1.6666666667E+000 2.4351682520E+001
1.6833333333E+000 2.4477091680E+001
1.7000000000E+000 2.4602460510E+001
1.7166666667E+000 2.4727804658E+001
1.7333333333E+000 2.4853138863E+001
1.7500000000E+000 2.4978476991E+001
1.7666666667E+000 2.5103832077E+001
1.7833333333E+000 2.5229216359E+001
1.8000000000E+000 2.5354641312E+001
1.8166666667E+000 2.5480117683E+001
1.8333333333E+000 2.5605655523E+001
1.8500000000E+000 2.5731264213E+001
1.8666666667E+000 2.5856952498E+001
1.8833333333E+000 2.5982728511E+001
1.9000000000E+000 2.6108599800E+001
1.9166666667E+000 2.6234573354E+001
1.9333333333E+000 2.6360655624E+001
1.9500000000E+000 2.6486852552E+001
1.9666666667E+000 2.6613169585E+001
1.9833333333E+000 2.6739611703E+001
2.0000000000E+000 2.6866183434E+001
2.0166666667E+000 2.6992888877E+001
2.0333333333E+000 2.7119731718E+001
2.0500000000E+000 2.7246715249E+001
2.0666666667E+000 2.7373842386E+001
2.0833333333E+000 2.7501115681E+001
2.1000000000E+000 2.7628537344E+001
2.1166666667E+000 2.7756109252E+001
2.1333333333E+000 2.7883832967E+001
2.1500000000E+000 2.8011709749E+001
2.1666666667E+000 2.8139740569E+001
2.1833333333E+000 2.8267926122E+001
2.2000000000E+000 2.8396266840E+001
2.2166666667E+000 2.8524762902E+001
2.2333333333E+000 2.8653414248E+001
2.2500000000E+000 2.8782220586E+001
2.2666666667E+000 2.8911181407E+001
2.2833333333E+000 2.9040295993E+001
2.3000000000E+000 2.9169563426E+001
2.3166666667E+000 2.9298982598E+001
2.3333333333E+000 2.9428552221E+001
2.3500000000E+000 2.9558270834E+001
2.3666666667E+000 2.9688136814E+001
2.3833333333E+000 2.9818148380E+001
2.4000000000E+000 2.9948303604E+001
2.4166666667E+000 3.0078600420E+001
2.4333333333E+000 3.0209036624E+001
2.4500000000E+000 3.0339609890E+001
2.4666666667E+000 3.0470317770E+001
2.4833333333E+000 3.0601157705E+001
2.5000000000E+000 3.0732127026E+001
2.5166666667E+000 3.0863222966E+001
2.5333333333E+000 3.0994442662E+001
2.5500000000E+000 3.1125783161E+001
2.5666666667E+000 3.1257241426E+001
2.5833333333E+000 3.1388814340E+001
2.6000000000E+000 3.1520498714E+001
2.6166666667E+000 3.1652291289E+001
2.6333333333E+000 3.1784188741E+001
2.6500000000E+000 3.1916187685E+001
2.6666666667E+000 3.2048284682E+001
2.6833333333E+000 3.2180476240E+001
2.7000000000E+000 3.2312758819E+001
2.7166666667E+000 3.2445128837E+001
2.7333333333E+000 3.2577582670E+001
2.7500000000E+000 3.2710116658E+001
2.7666666667E+000 3.2842727108E+001
2.7833333333E+000 3.2975410297E+001
2.8000000000E+000 3.3108162475E+001
2.8166666667E+000 3.3240979868E+001
2.8333333333E+000 3.3373858683E+001
2.8500000000E+000 3.3506795108E+001
2.8666666667E+000 3.3639785316E+001
2.8833333333E+000 3.3772825467E+001
2.9000000000E+000 3.3905911712E+001
2.9166666667E+000 3.4039040194E+001
2.9333333333E+000 3.4172207052E+001
2.9500000000E+000 3.4305408419E+001
2.9666666667E+000 3.4438640430E+001
2.9833333333E+000 3.4571899220E+001
3.0000000000E+000 3.4705180929E+001
3.0166666667E+000 3.4838481699E+001
3.0333333333E+000 3.4971797682E+001
3.0500000000E+000 3.5105125037E+001
3.0666666667E+000 3.5238459933E+001
3.0833333333E+000 3.5371798552E+001
3.1000000000E+000 3.5505137091E+001
3.1166666667E+000 3.5638471758E+001
3.1333333333E+000 3.5771798781E+001
3.1500000000E+000 3.5905114404E+001
3.1666666667E+000 3.6038414891E+001
3.1833333333E+000 3.6171696524E+001
3.2000000000E+000 3.6304955609E+001
3.2166666667E+000 3.6438188473E+001
3.2333333333E+000 3.6571391467E+001
3.2500000000E+000 3.6704560967E+001
3.2666666667E+000 3.6837693374E+001
3.2833333333E+000 3.6970785114E+001
3.3000000000E+000 3.7103832643E+001
3.3166666667E+000 3.7236832444E+001
3.3333333333E+000 3.7369781027E+001
3.3500000000E+000 3.7502674933E+001
3.3666666667E+000 3.7635510735E+001
3.3833333333E+000 3.7768285033E+001
3.4000000000E+000 3.7900994463E+001
3.4166666667E+000 3.8033635688E+001
3.4333333333E+000 3.8166205408E+001
3.4500000000E+000 3.8298700354E+001
3.4666666667E+000 3.8431117290E+001
3.4833333333E+000 3.8563453015E+001
3.5000000000E+000 3.8695704363E+001
3.5166666667E+000 3.8827868201E+001
3.5333333333E+000 3.8959941431E+001
3.5500000000E+000 3.9091920993E+001
3.5666666667E+000 3.9223803860E+001
3.5833333333E+000 3.9355587041E+001
3.6000000000E+000 3.9487267583E+001
3.6166666667E+000 3.9618842568E+001
3.6333333333E+000 3.9750309114E+001
3.6500000000E+000 3.9881664377E+001
3.6666666667E+000 4.0012905548E+001
3.6833333333E+000 4.0144029858E+001
3.7000000000E+000 4.0275034571E+001
3.7166666667E+000 4.0405916992E+001
3.7333333333E+000 4.0536674459E+001
3.7500000000E+000 4.0667304352E+001
3.7666666667E+000 4.0797804083E+001
3.7833333333E+000 4.0928171105E+001
3.8000000000E+000 4.1058402907E+001
3.8166666667E+000 4.1188497015E+001
3.8333333333E+000 4.1318450991E+001
3.8500000000E+000 4.1448262437E+001
3.8666666667E+000 4.1577928988E+001
3.8833333333E+000 4.1707448318E+001
3.9000000000E+000 4.1836818139E+001
3.9166666667E+000 4.1966036197E+001
3.9333333333E+000 4.2095100276E+001
3.9500000000E+000 4.2224008196E+001
3.9666666667E+000 4.2352757813E+001
3.9833333333E+000 4.2481347020E+001
4.0000000000E+000 4.2609773744E+001
4.0166666667E+000 4.2738035950E+001
4.0333333333E+000 4.2866131636E+001
4.0500000000E+000 4.2994058838E+001
4.0666666667E+000 4.3121815625E+001
4.0833333333E+000 4.3249400102E+001
4.1000000000E+000 4.3376810408E+001
4.1166666667E+000 4.3504044717E+001
4.1333333333E+000 4.3631101236E+001
4.1500000000E+000 4.3757978208E+001
4.1666666667E+000 4.3884673908E+001
4.1833333333E+000 4.4011186646E+001
4.2000000000E+000 4.4137514763E+001
4.2166666667E+000 4.4263656635E+001
4.2333333333E+000 4.4389610670E+001
4.2500000000E+000 4.4515375308E+001
4.2666666667E+000 4.4640949022E+001
4.2833333333E+000 4.4766330316E+001
4.3000000000E+000 4.4891517725E+001
4.3166666667E+000 4.5016509818E+001
4.3333333333E+000 4.5141305192E+001
4.3500000000E+000 4.5265902477E+001
4.3666666667E+000 4.5390300331E+001
4.3833333333E+000 4.5514497444E+001
4.4000000000E+000 4.5638492536E+001
4.4166666667E+000 4.5762284354E+001
4.4333333333E+000 4.5885871678E+001
4.4500000000E+000 4.6009253313E+001
4.4666666667E+000 4.6132428097E+001
4.4833333333E+000 4.6255394891E+001
4.5000000000E+000 4.6378152589E+001
4.5166666667E+000 4.6500700109E+001
4.5333333333E+000 4.6623036399E+001
4.5500000000E+000 4.6745160432E+001
4.5666666667E+000 4.6867071210E+001
4.5833333333E+000 4.6988767759E+001
4.6000000000E+000 4.7110249132E+001
4.6166666667E+000 4.7231514410E+001
4.6333333333E+000 4.7352562696E+001
4.6500000000E+000 4.7473393120E+001
4.6666666667E+000 4.7594004837E+001
4.6833333333E+000 4.7714397026E+001
4.7000000000E+000 4.7834568892E+001
4.7166666667E+000 4.7954519661E+001
4.7333333333E+000 4.8074248585E+001
4.7500000000E+000 4.8193754939E+001
4.7666666667E+000 4.8313038020E+001
4.7833333333E+000 4.8432097149E+001
4.8000000000E+000 4.8550931668E+001
4.8166666667E+000 4.8669540944E+001
4.8333333333E+000 4.8787924362E+001
4.8500000000E+000 4.8906081332E+001
4.8666666667E+000 4.9024011283E+001
4.8833333333E+000 4.9141713666E+001
4.9000000000E+000 4.9259187953E+001
4.9166666667E+000 4.9376433635E+001
4.9333333333E+000 4.9493450225E+001
4.9500000000E+000 4.9610237253E+001
4.9666666667E+000 4.9726794273E+001
4.9833333333E+000 4.9843120853E+001
5.0000000000E+000 4.9959216584E+001
5.0166666667E+000 5.0075081074E+001
5.0333333333E+000 5.0190713950E+001
5.0500000000E+000 5.0306114857E+001
5.0666666667E+000 5.0421283456E+001
5.0833333333E+000 5.0536219429E+001
5.1000000000E+000 5.0650922473E+001
5.1166666667E+000 5.0765392303E+001
5.1333333333E+000 5.0879628649E+001
5.1500000000E+000 5.0993631262E+001
5.1666666667E+000 5.1107399903E+001
5.1833333333E+000 5.1220934355E+001
5.2000000000E+000 5.1334234412E+001
5.2166666667E+000 5.1447299887E+001
5.2333333333E+000 5.1560130606E+001
5.2500000000E+000 5.1672726412E+001
5.2666666667E+000 5.1785087161E+001
5.2833333333E+000 5.1897212724E+001
5.3000000000E+000 5.2009102986E+001
5.3166666667E+000 5.2120757848E+001
5.3333333333E+000 5.2232177222E+001
5.3500000000E+000 5.2343361036E+001
5.3666666667E+000 5.2454309230E+001
5.3833333333E+000 5.2565021757E+001
5.4000000000E+000 5.2675498584E+001
5.4166666667E+000 5.2785739690E+001
5.4333333333E+000 5.2895745066E+001
5.4500000000E+000 5.3005514717E+001
5.4666666667E+000 5.3115048657E+001
5.4833333333E+000 5.3224346914E+001
5.5000000000E+000 5.3333409528E+001
5.5166666667E+000 5.3442236549E+001
5.5333333333E+000 5.3550828040E+001
5.5500000000E+000 5.3659184072E+001
5.5666666667E+000 5.3767304730E+001
5.5833333333E+000 5.3875190108E+001
5.6000000000E+000 5.3982840310E+001
5.6166666667E+000 5.4090255451E+001
5.6333333333E+000 5.4197435655E+001
5.6500000000E+000 5.4304381059E+001
5.6666666667E+000 5.4411091804E+001
5.6833333333E+000 5.4517568047E+001
5.7000000000E+000 5.4623809949E+001
5.7166666667E+000 5.4729817682E+001
5.7333333333E+000 5.4835591428E+001
5.7500000000E+000 5.4941131376E+001
5.7666666667E+000 5.5046437725E+001
5.7833333333E+000 5.5151510681E+001
5.8000000000E+000 5.5256350460E+001
5.8166666667E+000 5.5360957284E+001
5.8333333333E+000 5.5465331384E+001
5.8500000000E+000 5.5569472998E+001
5.8666666667E+000 5.5673382374E+001
5.8833333333E+000 5.5777059765E+001
5.9000000000E+000 5.5880505432E+001
5.9166666667E+000 5.5983719642E+001
5.9333333333E+000 5.6086702671E+001
5.9500000000E+000 5.6189454801E+001
5.9666666667E+000 5.6291976320E+001
5.9833333333E+000 5.6394267524E+001
6.0000000000E+000 5.6496328713E+001
6.0166666667E+000 5.6598160196E+001
6.0333333333E+000 5.6699762287E+001
6.0500000000E+000 5.6801135304E+001
6.0666666667E+000 5.6902279575E+001
6.0833333333E+000 5.7003195429E+001
6.1000000000E+000 5.7103883205E+001
6.1166666667E+000 5.7204343244E+001
6.1333333333E+000 5.7304575894E+001
6.1500000000E+000 5.7404581509E+001
6.1666666667E+000 5.7504360445E+001
6.1833333333E+000 5.7603913067E+001
6.2000000000E+000 5.7703239742E+001
6.2166666667E+000 5.7802340842E+001
6.2333333333E+000 5.7901216745E+001
6.2500000000E+000 5.7999867832E+001
6.2666666667E+000 5.8098294490E+001
6.2833333333E+000 5.8196497108E+001
6.3000000000E+000 5.8294476081E+001
6.3166666667E+000 5.8392231807E+001
6.3333333333E+000 5.8489764690E+001
6.3500000000E+000 5.8587075134E+001
6.3666666667E+000 5.8684163552E+001
6.3833333333E+000 5.8781030355E+001
6.4000000000E+000 5.8877675962E+001
6.4166666667E+000 5.8974100793E+001
6.4333333333E+000 5.9070305272E+001
6.4500000000E+000 5.9166289827E+001
6.4666666667E+000 5.9262054888E+001
6.4833333333E+000 5.9357600888E+001
6.5000000000E+000 5.9452928265E+001
6.5166666667E+000 5.9548037458E+001
6.5333333333E+000 5.9642928909E+001
6.5500000000E+000 5.9737603063E+001
6.5666666667E+000 5.9832060368E+001
6.5833333333E+000 5.9926301275E+001
6.6000000000E+000 6.0020326235E+001
6.6166666667E+000 6.0114135705E+001
6.6333333333E+000 6.0207730141E+001
6.6500000000E+000 6.0301110004E+001
6.6666666667E+000 6.0394275755E+001
6.6833333333E+000 6.0487227859E+001
6.7000000000E+000 6.0579966781E+001
6.7166666667E+000 6.0672492990E+001
6.7333333333E+000 6.0764806955E+001
6.7500000000E+000 6.0856909149E+001
6.7666666667E+000 6.0948800044E+001
6.7833333333E+000 6.1040480116E+001
6.8000000000E+000 6.1131949843E+001
6.8166666667E+000 6.1223209701E+001
6.8333333333E+000 6.1314260172E+001
6.8500000000E+000 6.1405101736E+001
6.8666666667E+000 6.1495734876E+001
6.8833333333E+000 6.1586160076E+001
6.9000000000E+000 6.1676377821E+001
6.9166666667E+000 6.1766388598E+001
6.9333333333E+000 6.1856192894E+001
6.9500000000E+000 6.1945791198E+001
6.9666666667E+000 6.2035183999E+001
6.9833333333E+000 6.2124371789E+001
7.0000000000E+000 6.2213355059E+001
7.0166666667E+000 6.2302134301E+001
7.0333333333E+000 6.2390710008E+001
7.0500000000E+000 6.2479082675E+001
7.0666666667E+000 6.2567252795E+001
7.0833333333E+000 6.2655220866E+001
7.1000000000E+000 6.2742987382E+001
7.1166666667E+000 6.2830552841E+001
7.1333333333E+000 6.2917917739E+001
7.1500000000E+000 6.3005082574E+001
7.1666666667E+000 6.3092047844E+001
7.1833333333E+000 6.3178814048E+001
7.2000000000E+000 6.3265381684E+001
7.2166666667E+000 6.3351751252E+001
7.2333333333E+000 6.3437923251E+001
7.2500000000E+000 6.3523898181E+001
7.2666666667E+000 6.3609676542E+001
7.2833333333E+000 6.3695258833E+001
7.3000000000E+000 6.3780645555E+001
7.3166666667E+000 6.3865837208E+001
7.3333333333E+000 6.3950834293E+001
7.3500000000E+000 6.4035637309E+001
7.3666666667E+000 6.4120246758E+001
7.3833333333E+000 6.4204663139E+001
7.4000000000E+000 6.4288886952E+001
7.4166666667E+000 6.4372918698E+001
7.4333333333E+000 6.4456758877E+001
7.4500000000E+000 6.4540407988E+001
7.4666666667E+000 6.4623866531E+001
7.4833333333E+000 6.4707135005E+001
7.5000000000E+000 6.4790213909E+001
7.5166666667E+000 6.4873103742E+001
7.5333333333E+000 6.4955805002E+001
7.5500000000E+000 6.5038318188E+001
7.5666666667E+000 6.5120643797E+001
7.5833333333E+000 6.5202782327E+001
7.6000000000E+000 6.5284734274E+001
7.6166666667E+000 6.5366500134E+001
7.6333333333E+000 6.5448080405E+001
7.6500000000E+000 6.5529475580E+001
7.6666666667E+000 6.5610686156E+001
7.6833333333E+000 6.5691712626E+001
7.7000000000E+000 6.5772555484E+001
7.7166666667E+000 6.5853215224E+001
7.7333333333E+000 6.5933692338E+001
7.7500000000E+000 6.6013987318E+001
7.7666666667E+000 6.6094100655E+001
7.7833333333E+000 6.6174032841E+001
7.8000000000E+000 6.6253784364E+001
7.8166666667E+000 6.6333355715E+001
7.8333333333E+000 6.6412747382E+001
7.8500000000E+000 6.6491959852E+001
7.8666666667E+000 6.6570993614E+001
7.8833333333E+000 6.6649849151E+001
7.9000000000E+000 6.6728526952E+001
7.9166666667E+000 6.6807027499E+001
7.9333333333E+000 6.6885351277E+001
7.9500000000E+000 6.6963498769E+001
7.9666666667E+000 6.7041470457E+001
7.9833333333E+000 6.7119266821E+001
8.0000000000E+000 6.7196888344E+001
8.0166666667E+000 6.7274335503E+001
8.0333333333E+000 6.7351608777E+001
8.0500000000E+000 6.7428708644E+001
8.0666666667E+000 6.7505635581E+001
8.0833333333E+000 6.7582390064E+001
8.1000000000E+000 6.7658972566E+001
8.1166666667E+000 6.7735383562E+001
8.1333333333E+000 6.7811623525E+001
8.1500000000E+000 6.7887692926E+001
8.1666666667E+000 6.7963592236E+001
8.1833333333E+000 6.8039321925E+001
8.2000000000E+000 6.8114882461E+001
8.2166666667E+000 6.8190274312E+001
8.2333333333E+000 6.8265497945E+001
8.2500000000E+000 6.8340553826E+001
8.2666666667E+000 6.8415442418E+001
8.2833333333E+000 6.8490164186E+001
8.3000000000E+000 6.8564719590E+001
8.3166666667E+000 6.8639109094E+001
8.3333333333E+000 6.8713333156E+001
8.3500000000E+000 6.8787392236E+001
8.3666666667E+000 6.8861286791E+001
8.3833333333E+000 6.8935017279E+001
8.4000000000E+000 6.9008584155E+001
8.4166666667E+000 6.9081987873E+001
8.4333333333E+000 6.9155228888E+001
8.4500000000E+000 6.9228307650E+001
8.4666666667E+000 6.9301224611E+001
8.4833333333E+000 6.9373980220E+001
8.5000000000E+000 6.9446574928E+001
8.5166666667E+000 6.9519009180E+001
8.5333333333E+000 6.9591283424E+001
8.5500000000E+000 6.9663398104E+001
8.5666666667E+000 6.9735353664E+001
8.5833333333E+000 6.9807150548E+001
8.6000000000E+000 6.9878789197E+001
8.6166666667E+000 6.9950270050E+001
8.6333333333E+000 7.0021593548E+001
8.6500000000E+000 7.0092760128E+001
8.6666666667E+000 7.0163770227E+001
8.6833333333E+000 7.0234624281E+001
8.7000000000E+000 7.0305322723E+001
8.7166666667E+000 7.0375865987E+001
8.7333333333E+000 7.0446254504E+001
8.7500000000E+000 7.0516488706E+001
8.7666666667E+000 7.0586569021E+001
8.7833333333E+000 7.0656495878E+001
8.8000000000E+000 7.0726269704E+001
8.8166666667E+000 7.0795890924E+001
8.8333333333E+000 7.0865359962E+001
8.8500000000E+000 7.0934677243E+001
8.8666666667E+000 7.1003843187E+001
8.8833333333E+000 7.1072858216E+001
8.9000000000E+000 7.1141722749E+001
8.9166666667E+000 7.1210437204E+001
8.9333333333E+000 7.1279001998E+001
8.9500000000E+000 7.1347417546E+001
8.9666666667E+000 7.1415684264E+001
8.9833333333E+000 7.1483802565E+001
9.0000000000E+000 7.1551772859E+001
9.0166666667E+000 7.1619595559E+001
9.0333333333E+000 7.1687271073E+001
9.0500000000E+000 7.1754799810E+001
9.0666666667E+000 7.1822182176E+001
9.0833333333E+000 7.1889418578E+001
9.1000000000E+000 7.1956509419E+001
9.1166666667E+000 7.2023455103E+001
9.1333333333E+000 7.2090256031E+001
9.1500000000E+000 7.2156912605E+001
9.1666666667E+000 7.2223425223E+001
9.1833333333E+000 7.2289794284E+001
9.2000000000E+000 7.2356020185E+001
9.2166666667E+000 7.2422103322E+001
9.2333333333E+000 7.2488044088E+001
9.2500000000E+000 7.2553842876E+001
9.2666666667E+000 7.2619500080E+001
9.2833333333E+000 7.2685016089E+001
9.3000000000E+000 7.2750391292E+001
9.3166666667E+000 7.2815626079E+001
9.3333333333E+000 7.2880720835E+001
9.3500000000E+000 7.2945675947E+001
9.3666666667E+000 7.3010491798E+001
9.3833333333E+000 7.3075168773E+001
9.4000000000E+000 7.3139707252E+001
9.4166666667E+000 7.3204107618E+001
9.4333333333E+000 7.3268370248E+001
9.4500000000E+000 7.3332495521E+001
9.4666666667E+000 7.3396483815E+001
9.4833333333E+000 7.3460335505E+001
9.5000000000E+000 7.3524050966E+001
9.5166666667E+000 7.3587630570E+001
9.5333333333E+000 7.3651074690E+001
9.5500000000E+000 7.3714383698E+001
9.5666666667E+000 7.3777557962E+001
9.5833333333E+000 7.3840597850E+001
9.6000000000E+000 7.3903503731E+001
9.6166666667E+000 7.3966275970E+001
9.6333333333E+000 7.4028914932E+001
9.6500000000E+000 7.4091420981E+001
9.6666666667E+000 7.4153794478E+001
9.6833333333E+000 7.4216035785E+001
9.7000000000E+000 7.4278145262E+001
9.7166666667E+000 7.4340123268E+001
9.7333333333E+000 7.4401970161E+001
9.7500000000E+000 7.4463686296E+001
9.7666666667E+000 7.4525272029E+001
9.7833333333E+000 7.4586727714E+001
9.8000000000E+000 7.4648053704E+001
9.8166666667E+000 7.4709250350E+001
9.8333333333E+000 7.4770318003E+001
9.8500000000E+000 7.4831257012E+001
9.8666666667E+000 7.4892067725E+001
9.8833333333E+000 7.4952750490E+001
9.9000000000E+000 7.5013305651E+001
9.9166666667E+000 7.5073733554E+001
9.9333333333E+000 7.5134034542E+001
9.9500000000E+000 7.5194208957E+001
9.9666666667E+000 7.5254257140E+001
9.9833333333E+000 7.5314179432E+001
1.0000000000E+001 7.5373976171E+001
1.0016666667E+001 7.5433647696E+001
1.0033333333E+001 7.5493194341E+001
1.0050000000E+001 7.5552616443E+001
1.0066666667E+001 7.5611914337E+001
1.0083333333E+001 7.5671088355E+001
1.0100000000E+001 7.5730138829E+001
1.0116666667E+001 7.5789066090E+001
1.0133333333E+001 7.5847870468E+001
1.0150000000E+001 7.5906552292E+001
1.0166666667E+001 7.5965111888E+001
1.0183333333E+001 7.6023549585E+001
1.0200000000E+001 7.6081865706E+001
1.0216666667E+001 7.6140060576E+001
1.0233333333E+001 7.6198134518E+001
1.0250000000E+001 7.6256087854E+001
1.0266666667E+001 7.6313920905E+001
1.0283333333E+001 7.6371633991E+001
1.0300000000E+001 7.6429227430E+001
1.0316666667E+001 7.6486701541E+001
1.0333333333E+001 7.6544056639E+001
1.0350000000E+001 7.6601293040E+001
1.0366666667E+001 7.6658411059E+001
1.0383333333E+001 7.6715411009E+001
1.0400000000E+001 7.6772293202E+001
1.0416666667E+001 7.6829057949E+001
1.0433333333E+001 7.6885705561E+001
1.0450000000E+001 7.6942236346E+001
1.0466666667E+001 7.6998650613E+001
1.0483333333E+001 7.7054948668E+001
1.0500000000E+001 7.7111130818E+001
1.0516666667E+001 7.7167197368E+001
1.0533333333E+001 7.7223148620E+001
1.0550000000E+001 7.7278984878E+001
1.0566666667E+001 7.7334706445E+001
1.0583333333E+001 7.7390313620E+001
1.0600000000E+001 7.7445806703E+001
1.0616666667E+001 7.7501185993E+001
1.0633333333E+001 7.7556451787E+001
1.0650000000E+001 7.7611604384E+001
1.0666666667E+001 7.7666644077E+001
1.0683333333E+001 7.7721571161E+001
1.0700000000E+001 7.7776385931E+001
1.0716666667E+001 7.7831088679E+001
1.0733333333E+001 7.7885679697E+001
1.0750000000E+001 7.7940159275E+001
1.0766666667E+001 7.7994527703E+001
1.0783333333E+001 7.8048785269E+001
1.0800000000E+001 7.8102932262E+001
1.0816666667E+001 7.8156968968E+001
1.0833333333E+001 7.8210895673E+001
1.0850000000E+001 7.8264712661E+001
1.0866666667E+001 7.8318420217E+001
1.0883333333E+001 7.8372018623E+001
1.0900000000E+001 7.8425508162E+001
1.0916666667E+001 7.8478889113E+001
1.0933333333E+001 7.8532161758E+001
1.0950000000E+001 7.8585326375E+001
1.0966666667E+001 7.8638383242E+001
1.0983333333E+001 7.8691332636E+001
1.1000000000E+001 7.8744174834E+001
1.1016666667E+001 7.8796910111E+001
1.1033333333E+001 7.8849538741E+001
1.1050000000E+001 7.8902060998E+001
1.1066666667E+001 7.8954477154E+001
1.1083333333E+001 7.9006787481E+001
1.1100000000E+001 7.9058992248E+001
1.1116666667E+001 7.9111091727E+001
1.1133333333E+001 7.9163086186E+001
1.1150000000E+001 7.9214975893E+001
1.1166666667E+001 7.9266761114E+001
1.1183333333E+001 7.9318442117E+001
1.1200000000E+001 7.9370019166E+001
1.1216666667E+001 7.9421492525E+001
1.1233333333E+001 7.9472862458E+001
1.1250000000E+001 7.9524129227E+001
1.1266666667E+001 7.9575293095E+001
1.1283333333E+001 7.9626354322E+001
1.1300000000E+001 7.9677313167E+001
1.1316666667E+001 7.9728169891E+001
1.1333333333E+001 7.9778924750E+001
1.1350000000E+001 7.9829578003E+001
1.1366666667E+001 7.9880129906E+001
1.1383333333E+001 7.9930580714E+001
1.1400000000E+001 7.9980930682E+001
1.1416666667E+001 8.0031180064E+001
1.1433333333E+001 8.0081329114E+001
1.1450000000E+001 8.0131378082E+001
1.1466666667E+001 8.0181327222E+001
1.1483333333E+001 8.0231176782E+001
1.1500000000E+001 8.0280927013E+001
1.1516666667E+001 8.0330578164E+001
1.1533333333E+001 8.0380130482E+001
1.1550000000E+001 8.0429584215E+001
1.1566666667E+001 8.0478939609E+001
1.1583333333E+001 8.0528196910E+001
1.1600000000E+001 8.0577356362E+001
1.1616666667E+001 8.0626418210E+001
1.1633333333E+001 8.0675382696E+001
1.1650000000E+001 8.0724250063E+001
1.1666666667E+001 8.0773020552E+001
1.1683333333E+001 8.0821694404E+001
1.1700000000E+001 8.0870271859E+001
1.1716666667E+001 8.0918753156E+001
1.1733333333E+001 8.0967138534E+001
1.1750000000E+001 8.1015428229E+001
1.1766666667E+001 8.1063622479E+001
1.1783333333E+001 8.1111721519E+001
1.1800000000E+001 8.1159725585E+001
1.1816666667E+001 8.1207634912E+001
1.1833333333E+001 8.1255449732E+001
1.1850000000E+001 8.1303170279E+001
1.1866666667E+001 8.1350796784E+001
1.1883333333E+001 8.1398329480E+001
1.1900000000E+001 8.1445768597E+001
1.1916666667E+001 8.1493114365E+001
1.1933333333E+001 8.1540367012E+001
1.1950000000E+001 8.1587526767E+001
1.1966666667E+001 8.1634593858E+001
1.1983333333E+001 8.1681568512E+001
1.2000000000E+001 8.1728450954E+001
1.2016666667E+001 8.1775241411E+001
1.2033333333E+001 8.1821940106E+001
1.2050000000E+001 8.1868547263E+001
1.2066666667E+001 8.1915063107E+001
1.2083333333E+001 8.1961487859E+001
1.2100000000E+001 8.2007821741E+001
1.2116666667E+001 8.2054064973E+001
1.2133333333E+001 8.2100217778E+001
1.2150000000E+001 8.2146280373E+001
1.2166666667E+001 8.2192252978E+001
1.2183333333E+001 8.2238135811E+001
1.2200000000E+001 8.2283929089E+001
1.2216666667E+001 8.2329633030E+001
1.2233333333E+001 8.2375247849E+001
1.2250000000E+001 8.2420773761E+001
1.2266666667E+001 8.2466210982E+001
1.2283333333E+001 8.2511559726E+001
1.2300000000E+001 8.2556820205E+001
1.2316666667E+001 8.2601992632E+001
1.2333333333E+001 8.2647077219E+001
1.2350000000E+001 8.2692074178E+001
1.2366666667E+001 8.2736983719E+001
1.2383333333E+001 8.2781806052E+001
1.2400000000E+001 8.2826541386E+001
1.2416666667E+001 8.2871189930E+001
1.2433333333E+001 8.2915751891E+001
1.2450000000E+001 8.2960227477E+001
1.2466666667E+001 8.3004616895E+001
1.2483333333E+001 8.3048920350E+001
1.2500000000E+001 8.3093138048E+001
1.2516666667E+001 8.3137270193E+001
1.2533333333E+001 8.3181316989E+001
1.2550000000E+001 8.3225278640E+001
1.2566666667E+001 8.3269155348E+001
1.2583333333E+001 8.3312947315E+001
1.2600000000E+001 8.3356654743E+001
1.2616666667E+001 8.3400277833E+001
1.2633333333E+001 8.3443816784E+001
1.2650000000E+001 8.3487271796E+001
1.2666666667E+001 8.3530643067E+001
1.2683333333E+001 8.3573930797E+001
1.2700000000E+001 8.3617135183E+001
1.2716666667E+001 8.3660256421E+001
1.2733333333E+001 8.3703294709E+001
1.2750000000E+001 8.3746250241E+001
1.2766666667E+001 8.3789123214E+001
1.2783333333E+001 8.3831913821E+001
1.2800000000E+001 8.3874622256E+001
1.2816666667E+001 8.3917248713E+001
1.2833333333E+001 8.3959793385E+001
1.2850000000E+001 8.4002256464E+001
1.2866666667E+001 8.4044638140E+001
1.2883333333E+001 8.4086938606E+001
1.2900000000E+001 8.4129158051E+001
1.2916666667E+001 8.4171296665E+001
1.2933333333E+001 8.4213354637E+001
1.2950000000E+001 8.4255332157E+001
1.2966666667E+001 8.4297229411E+001
1.2983333333E+001 8.4339046587E+001
1.3000000000E+001 8.4380783873E+001
1.3016666667E+001 8.4422441453E+001
1.3033333333E+001 8.4464019515E+001
1.3050000000E+001 8.4505518243E+001
1.3066666667E+001 8.4546937821E+001
1.3083333333E+001 8.4588278433E+001
1.3100000000E+001 8.4629540264E+001
1.3116666667E+001 8.4670723495E+001
1.3133333333E+001 8.4711828309E+001
1.3150000000E+001 8.4752854888E+001
1.3166666667E+001 8.4793803413E+001
1.3183333333E+001 8.4834674064E+001
1.3200000000E+001 8.4875467022E+001
1.3216666667E+001 8.4916182465E+001
1.3233333333E+001 8.4956820574E+001
1.3250000000E+001 8.4997381525E+001
1.3266666667E+001 8.5037865498E+001
1.3283333333E+001 8.5078272669E+001
1.3300000000E+001 8.5118603215E+001
1.3316666667E+001 8.5158857313E+001
1.3333333333E+001 8.5199035138E+001
1.3350000000E+001 8.5239136866E+001
1.3366666667E+001 8.5279162670E+001
1.3383333333E+001 8.5319112725E+001
1.3400000000E+001 8.5358987205E+001
1.3416666667E+001 8.5398786283E+001
1.3433333333E+001 8.5438510130E+001
1.3450000000E+001 8.5478158921E+001
1.3466666667E+001 8.5517732824E+001
1.3483333333E+001 8.5557232013E+001
1.3500000000E+001 8.5596656657E+001
1.3516666667E+001 8.5636006925E+001
1.3533333333E+001 8.5675282989E+001
1.3550000000E+001 8.5714485016E+001
1.3566666667E+001 8.5753613175E+001
1.3583333333E+001 8.5792667634E+001
1.3600000000E+001 8.5831648560E+001
1.3616666667E+001 8.5870556120E+001
1.3633333333E+001 8.5909390481E+001
1.3650000000E+001 8.5948151809E+001
1.3666666667E+001 8.5986840268E+001
1.3683333333E+001 8.6025456025E+001
1.3700000000E+001 8.6063999243E+001
1.3716666667E+001 8.6102470087E+001
1.3733333333E+001 8.6140868719E+001
1.3750000000E+001 8.6179195303E+001
1.3766666667E+001 8.6217450002E+001
1.3783333333E+001 8.6255632977E+001
1.3800000000E+001 8.6293744390E+001
1.3816666667E+001 8.6331784402E+001
1.3833333333E+001 8.6369753174E+001
1.3850000000E+001 8.6407650865E+001
1.3866666667E+001 8.6445477636E+001
1.3883333333E+001 8.6483233646E+001
1.3900000000E+001 8.6520919053E+001
1.3916666667E+001 8.6558534016E+001
1.3933333333E+001 8.6596078692E+001
1.3950000000E+001 8.6633553239E+001
1.3966666667E+001 8.6670957813E+001
1.3983333333E+001 8.6708292572E+001
1.4000000000E+001 8.6745557670E+001
1.4016666667E+001 8.6782753264E+001
1.4033333333E+001 8.6819879508E+001
1.4050000000E+001 8.6856936558E+001
1.4066666667E+001 8.6893924567E+001
1.4083333333E+001 8.6930843689E+001
1.4100000000E+001 8.6967694076E+001
1.4116666667E+001 8.7004475883E+001
1.4133333333E+001 8.7041189262E+001
1.4150000000E+001 8.7077834363E+001
1.4166666667E+001 8.7114411340E+001
1.4183333333E+001 8.7150920342E+001
1.4200000000E+001 8.7187361521E+001
1.4216666667E+001 8.7223735026E+001
1.4233333333E+001 8.7260041007E+001
1.4250000000E+001 8.7296279615E+001
1.4266666667E+001 8.7332450996E+001
1.4283333333E+001 8.7368555301E+001
1.4300000000E+001 8.7404592677E+001
1.4316666667E+001 8.7440563271E+001
1.4333333333E+001 8.7476467231E+001
1.4350000000E+001 8.7512304704E+001
1.4366666667E+001 8.7548075835E+001
1.4383333333E+001 8.7583780772E+001
1.4400000000E+001 8.7619419658E+001
1.4416666667E+001 8.7654992640E+001
1.4433333333E+001 8.7690499862E+001
1.4450000000E+001 8.7725941469E+001
1.4466666667E+001 8.7761317603E+001
1.4483333333E+001 8.7796628409E+001
1.4500000000E+001 8.7831874030E+001
1.4516666667E+001 8.7867054608E+001
1.4533333333E+001 8.7902170285E+001
1.4550000000E+001 8.7937221204E+001
1.4566666667E+001 8.7972207506E+001
1.4583333333E+001 8.8007129331E+001
1.4600000000E+001 8.8041986821E+001
1.4616666667E+001 8.8076780115E+001
1.4633333333E+001 8.8111509354E+001
1.4650000000E+001 8.8146174676E+001
1.4666666667E+001 8.8180776222E+001
1.4683333333E+001 8.8215314129E+001
1.4700000000E+001 8.8249788536E+001
1.4716666667E+001 8.8284199581E+001
1.4733333333E+001 8.8318547401E+001
1.4750000000E+001 8.8352832133E+001
1.4766666667E+001 8.8387053914E+001
1.4783333333E+001 8.8421212881E+001
1.4800000000E+001 8.8455309169E+001
1.4816666667E+001 8.8489342914E+001
1.4833333333E+001 8.8523314251E+001
1.4850000000E+001 8.8557223315E+001
1.4866666667E+001 8.8591070240E+001
1.4883333333E+001 8.8624855161E+001
1.4900000000E+001 8.8658578211E+001
1.4916666667E+001 8.8692239524E+001
1.4933333333E+001 8.8725839232E+001
1.4950000000E+001 8.8759377469E+001
1.4966666667E+001 8.8792854365E+001
1.4983333333E+001 8.8826270054E+001
1.5000000000E+001 8.8859624667E+001
1.5016666667E+001 8.8892918334E+001
1.5033333333E+001 8.8926151187E+001
1.5050000000E+001 8.8959323356E+001
1.5066666667E+001 8.8992434971E+001
1.5083333333E+001 8.9025486162E+001
1.5100000000E+001 8.9058477058E+001
1.5116666667E+001 8.9091407788E+001
1.5133333333E+001 8.9124278481E+001
1.5150000000E+001 8.9157089265E+001
1.5166666667E+001 8.9189840268E+001
1.5183333333E+001 8.9222531617E+001
1.5200000000E+001 8.9255163441E+001
1.5216666667E+001 8.9287735865E+001
1.5233333333E+001 8.9320249016E+001
1.5250000000E+001 8.9352703021E+001
1.5266666667E+001 8.9385098004E+001
1.5283333333E+001 8.9417434093E+001
1.5300000000E+001 8.9449711412E+001
1.5316666667E+001 8.9481930085E+001
1.5333333333E+001 8.9514090238E+001
1.5350000000E+001 8.9546191994E+001
1.5366666667E+001 8.9578235478E+001
1.5383333333E+001 8.9610220812E+001
1.5400000000E+001 8.9642148120E+001
1.5416666667E+001 8.9674017525E+001
1.5433333333E+001 8.9705829149E+001
1.5450000000E+001 8.9737583114E+001
1.5466666667E+001 8.9769279543E+001
1.5483333333E+001 8.9800918556E+001
1.5500000000E+001 8.9832500275E+001
1.5516666667E+001 8.9864024821E+001
1.5533333333E+001 8.9895492314E+001
1.5550000000E+001 8.9926902874E+001
1.5566666667E+001 8.9958256622E+001
1.5583333333E+001 8.9989553676E+001
1.5600000000E+001 9.0020794157E+001
1.5616666667E+001 9.0051978183E+001
1.5633333333E+001 9.0083105872E+001
1.5650000000E+001 9.0114177343E+001
1.5666666667E+001 9.0145192715E+001
1.5683333333E+001 9.0176152103E+001
1.5700000000E+001 9.0207055627E+001
1.5716666667E+001 9.0237903402E+001
1.5733333333E+001 9.0268695547E+001
1.5750000000E+001 9.0299432176E+001
1.5766666667E+001 9.0330113406E+001
1.5783333333E+001 9.0365372254E+001
1.5800000000E+001 9.0404355076E+001
1.5816666667E+001 9.0443010193E+001
1.5833333333E+001 9.0481549418E+001
1.5850000000E+001 9.0519974211E+001
1.5866666667E+001 9.0558285996E+001
1.5883333333E+001 9.0596486166E+001
1.5900000000E+001 9.0634576083E+001
1.5916666667E+001 9.0672557077E+001
1.5933333333E+001 9.0710430450E+001
1.5950000000E+001 9.0747416560E+001
1.5966666667E+001 9.0783695995E+001
1.5983333333E+001 9.0819764796E+001
1.6000000000E+001 9.0855626825E+001
1.6016666667E+001 9.0891285869E+001
1.6033333333E+001 9.0926745639E+001
1.6050000000E+001 9.0962009771E+001
1.6066666667E+001 9.0997081829E+001
1.6083333333E+001 9.1031965305E+001
1.6100000000E+001 9.1066663620E+001
1.6116666667E+001 9.1101180127E+001
1.6133333333E+001 9.1135518112E+001
1.6150000000E+001 9.1169680795E+001
1.6166666667E+001 9.1203671330E+001
1.6183333333E+001 9.1237492809E+001
1.6200000000E+001 9.1271148261E+001
1.6216666667E+001 9.1304640654E+001
1.6233333333E+001 9.1337972898E+001
1.6250000000E+001 9.1371147842E+001
1.6266666667E+001 9.1404168279E+001
1.6283333333E+001 9.1437036945E+001
1.6300000000E+001 9.1469756521E+001
1.6316666667E+001 9.1502329636E+001
1.6333333333E+001 9.1534758862E+001
1.6350000000E+001 9.1567046724E+001
1.6366666667E+001 9.1599195691E+001
1.6383333333E+001 9.1631208187E+001
1.6400000000E+001 9.1663086583E+001
1.6416666667E+001 9.1694833205E+001
1.6433333333E+001 9.1726450332E+001
1.6450000000E+001 9.1757940194E+001
1.6466666667E+001 9.1789304981E+001
1.6483333333E+001 9.1820546833E+001
1.6500000000E+001 9.1851667852E+001
1.6516666667E+001 9.1882670095E+001
1.6533333333E+001 9.1913555576E+001
1.6550000000E+001 9.1944326273E+001
1.6566666667E+001 9.1974984119E+001
1.6583333333E+001 9.2005531011E+001
1.6600000000E+001 9.2035968807E+001
1.6616666667E+001 9.2066299327E+001
1.6633333333E+001 9.2096524354E+001
1.6650000000E+001 9.2126645637E+001
1.6666666667E+001 9.2156664888E+001
1.6683333333E+001 9.2186583784E+001
1.6700000000E+001 9.2216403968E+001
1.6716666667E+001 9.2246127053E+001
1.6733333333E+001 9.2275754615E+001
1.6750000000E+001 9.2305288200E+001
1.6766666667E+001 9.2334729325E+001
1.6783333333E+001 9.2364079472E+001
1.6800000000E+001 9.2393340097E+001
1.6816666667E+001 9.2422512623E+001
1.6833333333E+001 9.2451598449E+001
1.6850000000E+001 9.2480598941E+001
1.6866666667E+001 9.2509515439E+001
1.6883333333E+001 9.2538349258E+001
1.6900000000E+001 9.2567101684E+001
1.6916666667E+001 9.2595773977E+001
1.6933333333E+001 9.2624367373E+001
1.6950000000E+001 9.2652883082E+001
1.6966666667E+001 9.2681322291E+001
1.6983333333E+001 9.2709686161E+001
1.7000000000E+001 9.2737975830E+001
1.7016666667E+001 9.2766192415E+001
1.7033333333E+001 9.2794337009E+001
1.7050000000E+001 9.2822410682E+001
1.7066666667E+001 9.2850414483E+001
1.7083333333E+001 9.2878349442E+001
1.7100000000E+001 9.2906216566E+001
1.7116666667E+001 9.2934016841E+001
1.7133333333E+001 9.2961751235E+001
1.7150000000E+001 9.2989420697E+001
1.7166666667E+001 9.3017026154E+001
1.7183333333E+001 9.3044568516E+001
1.7200000000E+001 9.3072048676E+001
1.7216666667E+001 9.3099467507E+001
1.7233333333E+001 9.3126825865E+001
1.7250000000E+001 9.3154124589E+001
1.7266666667E+001 9.3181364501E+001
1.7283333333E+001 9.3208546407E+001
1.7300000000E+001 9.3235671095E+001
1.7316666667E+001 9.3262739340E+001
1.7333333333E+001 9.3289751898E+001
1.7350000000E+001 9.3316709514E+001
1.7366666667E+001 9.3343612913E+001
1.7383333333E+001 9.3370462811E+001
1.7400000000E+001 9.3397259904E+001
1.7416666667E+001 9.3424004879E+001
1.7433333333E+001 9.3450698406E+001
1.7450000000E+001 9.3477341142E+001
1.7466666667E+001 9.3503933732E+001
1.7483333333E+001 9.3530476808E+001
1.7500000000E+001 9.3556970989E+001
1.7516666667E+001 9.3583416880E+001
1.7533333333E+001 9.3609815076E+001
1.7550000000E+001 9.3636166160E+001
1.7566666667E+001 9.3662470703E+001
1.7583333333E+001 9.3688729263E+001
1.7600000000E+001 9.3714942388E+001
1.7616666667E+001 9.3741110617E+001
1.7633333333E+001 9.3767234476E+001
1.7650000000E+001 9.3793314480E+001
1.7666666667E+001 9.3819351136E+001
1.7683333333E+001 9.3845344938E+001
1.7700000000E+001 9.3871296374E+001
1.7716666667E+001 9.3897205918E+001
1.7733333333E+001 9.3923074038E+001
1.7750000000E+001 9.3948901191E+001
1.7766666667E+001 9.3974687826E+001
1.7783333333E+001 9.4000434380E+001
1.7800000000E+001 9.4026141286E+001
1.7816666667E+001 9.4051808966E+001
1.7833333333E+001 9.4077437832E+001
1.7850000000E+001 9.4103028291E+001
1.7866666667E+001 9.4128580740E+001
1.7883333333E+001 9.4154095569E+001
1.7900000000E+001 9.4179573160E+001
1.7916666667E+001 9.4205013887E+001
1.7933333333E+001 9.4230418117E+001
1.7950000000E+001 9.4255786210E+001
1.7966666667E+001 9.4281118518E+001
1.7983333333E+001 9.4306415388E+001
1.8000000000E+001 9.4331677159E+001
1.8016666667E+001 9.4356904162E+001
1.8033333333E+001 9.4382096723E+001
1.8050000000E+001 9.4407255163E+001
1.8066666667E+001 9.4432379793E+001
1.8083333333E+001 9.4457470920E+001
1.8100000000E+001 9.4482528847E+001
1.8116666667E+001 9.4507553868E+001
1.8133333333E+001 9.4532546271E+001
1.8150000000E+001 9.4557506342E+001
1.8166666667E+001 9.4582434357E+001
1.8183333333E+001 9.4607330590E+001
1.8200000000E+001 9.4632195308E+001
1.8216666667E+001 9.4657028773E+001
1.8233333333E+001 9.4681831243E+001
1.8250000000E+001 9.4706602969E+001
1.8266666667E+001 9.4731344199E+001
1.8283333333E+001 9.4756055175E+001
1.8300000000E+001 9.4780736136E+001
1.8316666667E+001 9.4805387313E+001
1.8333333333E+001 9.4830008937E+001
1.8350000000E+001 9.4854601230E+001
1.8366666667E+001 9.4879164414E+001
1.8383333333E+001 9.4903698704E+001
1.8400000000E+001 9.4928204311E+001
1.8416666667E+001 9.4952681443E+001
1.8433333333E+001 9.4977130305E+001
1.8450000000E+001 9.5001551094E+001
1.8466666667E+001 9.5025944008E+001
1.8483333333E+001 9.5050309238E+001
1.8500000000E+001 9.5074646973E+001
1.8516666667E+001 9.5098957399E+001
1.8533333333E+001 9.5123240695E+001
1.8550000000E+001 9.5147497041E+001
1.8566666667E+001 9.5171726611E+001
1.8583333333E+001 9.5195929576E+001
1.8600000000E+001 9.5220106104E+001
1.8616666667E+001 9.5244256361E+001
1.8633333333E+001 9.5268380508E+001
1.8650000000E+001 9.5292478704E+001
1.8666666667E+001 9.5316551104E+001
1.8683333333E+001 9.5340597863E+001
1.8700000000E+001 9.5364619129E+001
1.8716666667E+001 9.5388615051E+001
1.8733333333E+001 9.5412585772E+001
1.8750000000E+001 9.5436531435E+001
1.8766666667E+001 9.5460452179E+001
1.8783333333E+001 9.5484348140E+001
1.8800000000E+001 9.5508219453E+001
1.8816666667E+001 9.5532066249E+001
1.8833333333E+001 9.5555888658E+001
1.8850000000E+001 9.5579686807E+001
1.8866666667E+001 9.5603460820E+001
1.8883333333E+001 9.5627210820E+001
1.8900000000E+001 9.5650936926E+001
1.8916666667E+001 9.5674639257E+001
1.8933333333E+001 9.5698317929E+001
1.8950000000E+001 9.5721973054E+001
1.8966666667E+001 9.5745604746E+001
1.8983333333E+001 9.5769213113E+001
1.9000000000E+001 9.5792798263E+001
1.9016666667E+001 9.5816360302E+001
1.9033333333E+001 9.5839899335E+001
1.9050000000E+001 9.5863415462E+001
1.9066666667E+001 9.5886908784E+001
1.9083333333E+001 9.5910379400E+001
1.9100000000E+001 9.5933827407E+001
1.9116666667E+001 9.5957252899E+001
1.9133333333E+001 9.5980655969E+001
1.9150000000E+001 9.6004036711E+001
1.9166666667E+001 9.6027395213E+001
1.9183333333E+001 9.6050731565E+001
1.9200000000E+001 9.6074045853E+001
1.9216666667E+001 9.6097338163E+001
1.9233333333E+001 9.6120608579E+001
1.9250000000E+001 9.6143857183E+001
1.9266666667E+001 9.6167084058E+001
1.9283333333E+001 9.6190289282E+001
1.9300000000E+001 9.6213472935E+001
1.9316666667E+001 9.6236635094E+001
1.9333333333E+001 9.6259775833E+001
1.9350000000E+001 9.6282895229E+001
1.9366666667E+001 9.6305993354E+001
1.9383333333E+001 9.6329070281E+001
1.9400000000E+001 9.6352126080E+001
1.9416666667E+001 9.6375160822E+001
1.9433333333E+001 9.6398174575E+001
1.9450000000E+001 9.6421167406E+001
1.9466666667E+001 9.6444139381E+001
1.9483333333E+001 9.6467090567E+001
1.9500000000E+001 9.6490021028E+001
1.9516666667E+001 9.6512930826E+001
1.9533333333E+001 9.6535820024E+001
1.9550000000E+001 9.6558688683E+001
1.9566666667E+001 9.6581536864E+001
1.9583333333E+001 9.6604364625E+001
1.9600000000E+001 9.6627172025E+001
1.9616666667E+001 9.6649959122E+001
1.9633333333E+001 9.6672725972E+001
1.9650000000E+001 9.6695472630E+001
1.9666666667E+001 9.6718199153E+001
1.9683333333E+001 9.6740905592E+001
1.9700000000E+001 9.6763592003E+001
1.9716666667E+001 9.6786258436E+001
1.9733333333E+001 9.6808904945E+001
1.9750000000E+001 9.6831531578E+001
1.9766666667E+001 9.6854138387E+001
1.9783333333E+001 9.6876725421E+001
1.9800000000E+001 9.6899292728E+001
1.9816666667E+001 9.6921840356E+001
1.9833333333E+001 9.6944368353E+001
1.9850000000E+001 9.6966876764E+001
1.9866666667E+001 9.6989365635E+001
1.9883333333E+001 9.7011835013E+001
1.9900000000E+001 9.7034284940E+001
1.9916666667E+001 9.7056715461E+001
1.9933333333E+001 9.7079126619E+001
1.9950000000E+001 9.7101518457E+001
1.9966666667E+001 9.7123891017E+001
1.9983333333E+001 9.7146244341E+001
2.0000000000E+001 9.7168578468E+001
